,date,open,high,low,adjClose,value,volume,count,yesterday,close
0,2016-06-08,47.0,47.0,47.0,47.0,407068734000,228690300,58797,26.0,47.0
1,2016-06-11,49.0,49.0,49.0,49.0,4268257728,2283712,852,47.0,49.0
2,2016-06-12,50.0,51.0,49.0,50.0,209332376085,111028595,46389,49.0,50.0
3,2016-06-13,50.0,50.0,48.0,49.0,59648562600,32398615,14664,50.0,48.0
4,2016-06-14,48.0,48.0,48.0,48.0,46453577060,25651855,9559,49.0,48.0
5,2016-06-15,48.0,49.0,47.0,48.0,21098804085,11577742,4730,48.0,49.0
6,2016-06-18,49.0,49.0,47.0,48.0,14614243636,8115891,3403,48.0,47.0
7,2016-06-19,47.0,48.0,46.0,47.0,24499567866,13738049,5942,48.0,46.0
8,2016-06-20,46.0,47.0,46.0,47.0,20828376254,11699272,3771,47.0,47.0
9,2016-06-21,47.0,48.0,46.0,47.0,9413451677,5262841,2237,47.0,47.0
10,2016-06-22,48.0,49.0,47.0,48.0,21956446123,11970045,4298,47.0,48.0
11,2016-06-25,48.0,48.0,47.0,47.0,7797462460,4332159,1742,48.0,48.0
12,2016-06-26,47.0,48.0,47.0,47.0,8324767607,4646459,1741,47.0,47.0
13,2016-06-28,47.0,48.0,47.0,47.0,9557477193,5349040,2059,47.0,47.0
14,2016-06-29,47.0,47.0,46.0,46.0,7658220531,4356868,1532,47.0,47.0
15,2016-07-02,47.0,49.0,46.0,48.0,28574646312,15619822,4777,46.0,49.0
16,2016-07-03,49.0,50.0,49.0,49.0,28115720395,15007615,4852,48.0,49.0
17,2016-07-04,48.0,48.0,48.0,48.0,3907618735,2150951,883,49.0,48.0
18,2016-07-05,48.0,48.0,47.0,48.0,3001416291,1659679,620,48.0,48.0
19,2016-07-09,47.0,48.0,47.0,47.0,3895907773,2175792,769,48.0,47.0
20,2016-07-10,47.0,47.0,46.0,47.0,3720013788,2097000,713,47.0,47.0
21,2016-07-11,47.0,47.0,46.0,47.0,4733782044,2661236,914,47.0,47.0
22,2016-07-12,47.0,48.0,47.0,47.0,8639341907,4814505,1693,47.0,48.0
23,2016-07-13,47.0,49.0,47.0,48.0,12539655441,6841877,2672,47.0,49.0
24,2016-07-16,48.0,49.0,48.0,49.0,14981744030,8072287,2708,48.0,49.0
25,2016-07-17,49.0,51.0,49.0,50.0,49429723831,25854466,7864,49.0,51.0
26,2016-07-18,51.0,53.0,50.0,52.0,35010745576,17703933,5483,50.0,52.0
27,2016-07-19,52.0,52.0,50.0,51.0,10907714762,5617076,2014,52.0,51.0
28,2016-07-20,51.0,54.0,51.0,53.0,46883475886,23242184,6439,51.0,54.0
29,2016-07-23,54.0,56.0,54.0,55.0,23400398784,11280027,3989,53.0,55.0
30,2016-07-24,54.0,55.0,53.0,54.0,14314644013,7006450,2471,55.0,54.0
31,2016-07-25,54.0,55.0,54.0,54.0,30901176334,15064601,4352,54.0,54.0
32,2016-07-26,54.0,57.0,54.0,55.0,33040033834,15805189,5427,54.0,55.0
33,2016-07-27,56.0,56.0,54.0,55.0,15552189055,7517696,2352,55.0,54.0
34,2016-07-31,54.0,54.0,53.0,54.0,12408882458,6063401,2198,55.0,54.0
35,2016-08-01,54.0,55.0,53.0,54.0,7437709453,3616359,1044,54.0,54.0
36,2016-08-02,53.0,55.0,53.0,54.0,30331751307,14750824,4636,54.0,55.0
37,2016-08-03,55.0,56.0,54.0,55.0,14871392201,7076717,1990,54.0,56.0
38,2016-08-06,55.0,58.0,55.0,58.0,28457514498,12934732,3548,55.0,58.0
39,2016-08-07,59.0,60.0,57.0,58.0,10631844215,4821746,1596,58.0,57.0
40,2016-08-08,57.0,61.0,57.0,60.0,38261372042,16781403,4857,58.0,61.0
41,2016-08-09,62.0,63.0,61.0,63.0,50926875048,21350139,5546,60.0,63.0
42,2016-08-10,63.0,63.0,61.0,62.0,8338949386,3553059,1342,63.0,61.0
43,2016-08-13,61.0,63.0,60.0,61.0,8726137921,3776689,1318,62.0,60.0
44,2016-08-14,60.0,61.0,58.0,59.0,7423873892,3301508,1189,61.0,59.0
45,2016-08-15,58.0,61.0,58.0,60.0,6266724665,2768077,856,59.0,60.0
46,2016-08-16,59.0,63.0,59.0,61.0,24895670202,10754509,2974,60.0,62.0
47,2016-08-17,62.0,63.0,61.0,61.0,29811058277,12789593,3381,61.0,62.0
48,2016-08-20,62.0,63.0,62.0,63.0,4847544225,2044084,803,61.0,63.0
49,2016-08-21,63.0,66.0,62.0,64.0,20446546238,8396635,950,63.0,64.0
50,2016-08-22,64.0,65.0,62.0,63.0,5524360238,2301581,399,64.0,62.0
51,2016-08-23,62.0,63.0,61.0,61.0,5931591915,2555492,391,63.0,61.0
52,2016-08-24,61.0,61.0,60.0,60.0,5637799533,2465791,368,61.0,60.0
53,2016-08-27,60.0,61.0,60.0,60.0,14271986523,6282395,382,60.0,60.0
54,2016-08-28,60.0,61.0,58.0,60.0,7936986166,3487147,371,60.0,61.0
55,2016-08-29,59.0,61.0,59.0,60.0,4645674817,2040560,217,60.0,60.0
56,2016-08-30,60.0,61.0,59.0,61.0,17846014645,7774007,416,60.0,61.0
57,2016-08-31,61.0,61.0,59.0,60.0,1442258107,634116,124,61.0,60.0
58,2016-09-03,59.0,60.0,59.0,59.0,2868161052,1275256,181,60.0,59.0
59,2016-09-04,59.0,59.0,58.0,59.0,3659646748,1645142,183,59.0,58.0
60,2016-09-05,58.0,60.0,57.0,59.0,9343420549,4210620,462,59.0,59.0
61,2016-09-06,59.0,61.0,59.0,60.0,5855379726,2591368,209,59.0,59.0
62,2016-09-07,60.0,62.0,59.0,61.0,9575961057,4151355,363,60.0,61.0
63,2016-09-10,61.0,62.0,60.0,61.0,7292779316,3131578,339,61.0,61.0
64,2016-09-11,62.0,63.0,61.0,62.0,4270677749,1818978,182,61.0,61.0
65,2016-09-13,61.0,62.0,61.0,61.0,9937455271,4305800,279,62.0,61.0
66,2016-09-14,60.0,62.0,60.0,61.0,3021198163,1308661,188,61.0,61.0
67,2016-09-17,60.0,61.0,60.0,61.0,3432692012,1492761,163,61.0,61.0
68,2016-09-18,61.0,62.0,61.0,61.0,5576334882,2397036,193,61.0,62.0
69,2016-09-19,61.0,62.0,61.0,62.0,9538170890,4068948,336,61.0,61.0
70,2016-09-21,62.0,62.0,61.0,62.0,2411353556,1029145,194,62.0,62.0
71,2016-09-24,62.0,64.0,62.0,63.0,7464276656,3103117,292,62.0,64.0
72,2016-09-25,64.0,65.0,63.0,64.0,15919834456,6597767,445,63.0,63.0
73,2016-09-26,63.0,64.0,63.0,63.0,10021314378,4171468,271,64.0,63.0
74,2016-09-27,63.0,67.0,63.0,66.0,15359686637,6167421,534,63.0,67.0
75,2016-09-28,68.0,69.0,66.0,67.0,37385096149,14709849,746,66.0,68.0
76,2016-10-01,68.0,68.0,67.0,67.0,24041156147,9433477,391,67.0,68.0
77,2016-10-02,66.0,68.0,65.0,66.0,8141084053,3268079,289,67.0,66.0
78,2016-10-03,66.0,69.0,65.0,67.0,11864855344,4695679,428,66.0,68.0
79,2016-10-04,69.0,70.0,68.0,70.0,26125826410,9915302,657,67.0,69.0
80,2016-10-05,69.0,70.0,67.0,68.0,26081449449,10114250,489,70.0,69.0
81,2016-10-08,70.0,71.0,69.0,71.0,24829631206,9252188,601,68.0,71.0
82,2016-10-09,71.0,71.0,68.0,69.0,10313466061,3953242,350,71.0,68.0
83,2016-10-10,68.0,69.0,67.0,67.0,12422078296,4856538,372,69.0,68.0
84,2016-10-15,68.0,69.0,67.0,68.0,10316606199,3993365,228,67.0,69.0
85,2016-10-16,69.0,70.0,68.0,69.0,12201655486,4668962,316,68.0,69.0
86,2016-10-17,69.0,69.0,67.0,68.0,11542780591,4455473,273,69.0,67.0
87,2016-10-18,67.0,68.0,65.0,65.0,13618342816,5492869,531,68.0,65.0
88,2016-10-19,65.0,66.0,62.0,63.0,17824078066,7447007,668,65.0,65.0
89,2016-10-22,65.0,66.0,64.0,66.0,12673861708,5092442,484,63.0,66.0
90,2016-10-23,66.0,66.0,63.0,64.0,7296179218,2993845,455,66.0,63.0
91,2016-10-24,63.0,65.0,63.0,64.0,3179511811,1319647,272,64.0,63.0
92,2016-10-25,63.0,65.0,63.0,64.0,5679050378,2343460,294,64.0,63.0
93,2016-10-26,65.0,65.0,62.0,63.0,5304674707,2218069,375,64.0,63.0
94,2016-10-29,64.0,64.0,62.0,63.0,5183814551,2164727,318,63.0,62.0
95,2016-10-30,62.0,63.0,62.0,62.0,3948692644,1668566,333,63.0,62.0
96,2016-10-31,62.0,64.0,62.0,63.0,4874582651,2041312,327,62.0,62.0
97,2016-11-01,62.0,63.0,60.0,61.0,18339434568,7938189,557,63.0,61.0
98,2016-11-02,60.0,62.0,60.0,61.0,3237797096,1408641,207,61.0,61.0
99,2016-11-05,61.0,62.0,59.0,60.0,2990935040,1317089,220,61.0,59.0
100,2016-11-06,59.0,60.0,59.0,59.0,3405414908,1512777,288,60.0,59.0
101,2016-11-07,60.0,62.0,59.0,61.0,9367460771,4031765,386,59.0,62.0
102,2016-11-08,63.0,63.0,62.0,62.0,4357044666,1843956,227,61.0,62.0
103,2016-11-09,59.0,61.0,59.0,59.0,13385922641,5948878,367,62.0,60.0
104,2016-11-12,61.0,62.0,60.0,61.0,9951871289,4299754,361,59.0,60.0
105,2016-11-13,63.0,63.0,60.0,61.0,3296241085,1429378,128,61.0,61.0
106,2016-11-14,62.0,62.0,61.0,62.0,1770640158,755165,89,61.0,62.0
107,2016-11-15,62.0,63.0,60.0,61.0,2953273004,1277226,131,62.0,61.0
108,2016-11-16,62.0,62.0,59.0,60.0,4739495388,2090582,215,61.0,60.0
109,2016-11-19,60.0,60.0,59.0,59.0,2947618929,1313552,211,60.0,60.0
110,2016-11-21,59.0,60.0,59.0,59.0,1706671690,762170,158,59.0,59.0
111,2016-11-22,59.0,59.0,57.0,57.0,9674900524,4473242,446,59.0,57.0
112,2016-11-23,57.0,58.0,56.0,57.0,2599400302,1213777,233,57.0,57.0
113,2016-11-26,56.0,58.0,56.0,58.0,2216970245,1012603,211,57.0,58.0
114,2016-11-27,58.0,59.0,58.0,59.0,6568866365,2936410,327,58.0,59.0
115,2016-12-04,62.0,62.0,61.0,62.0,15620819185,6664073,372,59.0,62.0
116,2016-12-05,62.0,64.0,61.0,63.0,12994475795,5461854,356,62.0,61.0
117,2016-12-06,62.0,62.0,60.0,60.0,4914888055,2143960,238,63.0,60.0
118,2016-12-07,60.0,60.0,58.0,58.0,6331163021,2870180,308,60.0,58.0
119,2016-12-10,56.0,59.0,56.0,59.0,2613048811,1173723,116,58.0,59.0
120,2016-12-11,58.0,58.0,57.0,58.0,1379106049,626350,78,59.0,58.0
121,2016-12-12,57.0,58.0,56.0,57.0,4595801095,2141985,265,58.0,56.0
122,2016-12-13,57.0,58.0,57.0,58.0,2214468223,1011563,135,57.0,58.0
123,2016-12-14,57.0,58.0,55.0,56.0,3074806382,1437054,189,58.0,56.0
124,2016-12-18,57.0,57.0,57.0,57.0,542880169,251197,60,56.0,57.0
125,2016-12-19,56.0,57.0,56.0,57.0,1002412981,466098,64,57.0,56.0
126,2016-12-20,56.0,56.0,56.0,56.0,1536417086,724196,85,57.0,56.0
127,2016-12-21,56.0,56.0,55.0,55.0,1738983671,826925,144,56.0,55.0
128,2016-12-24,57.0,57.0,56.0,56.0,2124775775,1001419,100,55.0,56.0
129,2016-12-25,57.0,57.0,56.0,56.0,1033079813,487498,96,56.0,56.0
130,2016-12-26,56.0,56.0,54.0,56.0,1810401650,860254,131,56.0,54.0
131,2016-12-27,56.0,56.0,54.0,55.0,1665435238,799740,141,56.0,55.0
132,2016-12-28,55.0,56.0,55.0,55.0,813161944,389585,71,55.0,55.0
133,2016-12-31,55.0,56.0,55.0,55.0,704256259,337433,91,55.0,55.0
134,2017-01-01,55.0,55.0,55.0,55.0,889516191,427172,92,55.0,55.0
135,2017-01-02,54.0,55.0,54.0,54.0,1553708405,755011,82,55.0,55.0
136,2017-01-03,54.0,55.0,54.0,54.0,528183550,257723,116,54.0,54.0
137,2017-01-04,53.0,55.0,53.0,54.0,607789418,296744,72,54.0,55.0
138,2017-01-07,54.0,55.0,54.0,54.0,958405827,466474,95,54.0,54.0
139,2017-01-08,54.0,55.0,54.0,54.0,923929077,448685,106,54.0,54.0
140,2017-01-09,53.0,54.0,52.0,52.0,1918660069,971001,131,54.0,52.0
141,2017-01-11,50.0,53.0,50.0,52.0,1473148133,752770,168,52.0,51.0
142,2017-01-14,51.0,53.0,51.0,52.0,5442617454,2739520,182,52.0,52.0
143,2017-01-15,53.0,53.0,51.0,52.0,1183023388,601501,131,52.0,51.0
144,2017-01-16,53.0,53.0,51.0,52.0,2449487497,1245302,200,52.0,52.0
145,2017-01-17,53.0,54.0,52.0,53.0,2500807932,1251993,181,52.0,53.0
146,2017-01-18,53.0,53.0,52.0,53.0,3147690592,1575793,316,53.0,53.0
147,2017-01-21,53.0,54.0,52.0,53.0,2532117137,1252802,206,53.0,54.0
148,2017-01-22,54.0,54.0,53.0,54.0,798092513,389945,171,53.0,54.0
149,2017-01-23,54.0,57.0,54.0,56.0,3749489886,1759257,293,54.0,56.0
150,2017-01-24,57.0,57.0,54.0,55.0,1941497772,924262,242,56.0,55.0
151,2017-01-25,54.0,56.0,54.0,55.0,21310525273,10152352,284,55.0,54.0
152,2017-01-28,53.0,56.0,53.0,56.0,2391610086,1134597,294,55.0,56.0
153,2017-01-29,56.0,56.0,54.0,55.0,728414715,347711,136,56.0,55.0
154,2017-01-30,56.0,56.0,54.0,55.0,1302540370,621155,295,55.0,55.0
155,2017-01-31,56.0,56.0,54.0,55.0,895091714,427617,142,55.0,56.0
156,2017-02-01,56.0,56.0,54.0,55.0,1909302279,911596,202,55.0,56.0
157,2017-02-04,56.0,56.0,54.0,55.0,1379599826,658978,136,55.0,56.0
158,2017-02-05,56.0,56.0,54.0,55.0,1415942826,681943,170,55.0,55.0
159,2017-02-06,55.0,56.0,55.0,55.0,687036156,330404,118,55.0,55.0
160,2017-02-07,55.0,55.0,55.0,55.0,865797274,416492,109,55.0,55.0
161,2017-02-08,55.0,55.0,54.0,55.0,869522185,420682,127,55.0,55.0
162,2017-02-11,55.0,55.0,53.0,54.0,507803869,248285,136,55.0,54.0
163,2017-02-12,54.0,55.0,53.0,54.0,2051750492,1002255,295,54.0,55.0
164,2017-02-13,55.0,55.0,53.0,54.0,811680881,395909,283,54.0,55.0
165,2017-02-14,55.0,55.0,53.0,54.0,748311100,364242,159,54.0,55.0
166,2017-02-15,54.0,55.0,54.0,54.0,1936325341,942146,142,54.0,55.0
167,2017-02-18,55.0,55.0,54.0,54.0,865511678,424579,134,54.0,54.0
168,2017-02-19,53.0,54.0,53.0,54.0,2910039643,1433803,153,54.0,54.0
169,2017-02-20,53.0,54.0,52.0,53.0,1682677865,835727,167,54.0,54.0
170,2017-02-21,54.0,54.0,53.0,53.0,277297930,137043,72,53.0,54.0
171,2017-02-22,53.0,54.0,52.0,53.0,2039938978,1008289,168,53.0,54.0
172,2017-02-25,53.0,54.0,53.0,53.0,2638939675,1305094,176,53.0,54.0
173,2017-02-26,53.0,55.0,53.0,54.0,3289510650,1606397,202,53.0,54.0
174,2017-02-27,54.0,55.0,54.0,55.0,2105134491,1018924,127,54.0,55.0
175,2017-02-28,55.0,55.0,54.0,55.0,1529848067,740546,143,55.0,55.0
176,2017-03-01,54.0,55.0,54.0,54.0,636380193,310095,97,55.0,54.0
177,2017-03-04,55.0,55.0,53.0,54.0,1368052894,671216,103,54.0,53.0
178,2017-03-05,53.0,55.0,53.0,54.0,6846798992,3345997,432,54.0,55.0
179,2017-03-11,58.0,58.0,56.0,56.0,1619482135,917313,119,54.0,56.0
180,2017-03-12,56.0,57.0,55.0,56.0,1290468571,729334,160,56.0,57.0
181,2017-03-13,57.0,57.0,56.0,57.0,416239413,232593,51,56.0,57.0
182,2017-03-14,57.0,57.0,56.0,57.0,479233601,268595,61,57.0,57.0
183,2017-03-15,57.0,57.0,56.0,57.0,240682350,135360,25,57.0,57.0
184,2017-03-18,57.0,58.0,56.0,57.0,377360960,211690,53,57.0,58.0
185,2017-03-25,58.0,59.0,58.0,58.0,174311039,95201,34,57.0,59.0
186,2017-03-26,59.0,60.0,59.0,59.0,705589096,377529,59,58.0,60.0
187,2017-03-27,59.0,61.0,59.0,59.0,544387752,294404,56,59.0,59.0
188,2017-03-28,59.0,60.0,59.0,59.0,667146231,360692,67,59.0,59.0
189,2017-03-29,59.0,59.0,58.0,59.0,504701754,274020,55,59.0,59.0
190,2017-04-03,58.0,59.0,58.0,58.0,449772924,246417,66,59.0,58.0
191,2017-04-04,58.0,59.0,58.0,58.0,748062339,408834,49,58.0,58.0
192,2017-04-05,58.0,59.0,57.0,58.0,982675859,535604,85,58.0,59.0
193,2017-04-08,60.0,60.0,59.0,59.0,406848794,217733,51,58.0,59.0
194,2017-04-09,59.0,62.0,59.0,61.0,2948353420,1533294,197,59.0,62.0
195,2017-04-10,61.0,64.0,61.0,63.0,3328198403,1668257,145,61.0,63.0
196,2017-04-12,64.0,64.0,61.0,63.0,2063158668,1038221,112,63.0,64.0
197,2017-04-15,64.0,66.0,63.0,64.0,2009551125,993356,105,63.0,63.0
198,2017-04-16,64.0,65.0,62.0,63.0,1148256928,582592,82,64.0,65.0
199,2017-04-17,63.0,65.0,63.0,63.0,832954690,421058,56,63.0,63.0
200,2017-04-18,61.0,63.0,61.0,63.0,855637486,435696,60,63.0,63.0
201,2017-04-19,63.0,63.0,61.0,62.0,777219340,399108,41,63.0,61.0
202,2017-04-22,61.0,64.0,61.0,62.0,2788355140,1428537,134,62.0,64.0
203,2017-04-23,61.0,64.0,61.0,62.0,514676621,264147,31,62.0,62.0
204,2017-04-24,61.0,62.0,61.0,61.0,790498711,410601,56,62.0,61.0
205,2017-04-26,61.0,61.0,60.0,61.0,614715500,321117,52,61.0,61.0
206,2017-04-29,62.0,62.0,61.0,61.0,587506129,307007,52,61.0,61.0
207,2017-04-30,60.0,61.0,60.0,60.0,371179355,195287,50,61.0,60.0
208,2017-05-01,61.0,61.0,60.0,60.0,320479665,168884,31,60.0,60.0
209,2017-05-02,60.0,60.0,60.0,60.0,508093954,268947,51,60.0,60.0
210,2017-05-03,60.0,62.0,60.0,61.0,811409219,422152,54,60.0,61.0
211,2017-05-06,61.0,61.0,58.0,60.0,753612906,402706,60,61.0,60.0
212,2017-05-07,58.0,60.0,58.0,59.0,204874363,111358,42,60.0,60.0
213,2017-05-08,58.0,60.0,58.0,59.0,2795352725,1519080,76,59.0,60.0
214,2017-05-09,59.0,60.0,58.0,59.0,377784721,202625,33,59.0,59.0
215,2017-05-10,60.0,60.0,59.0,60.0,266794154,141029,41,59.0,59.0
216,2017-05-13,58.0,60.0,57.0,58.0,377079907,207098,42,60.0,58.0
217,2017-05-14,59.0,59.0,57.0,58.0,7104902263,3904025,142,58.0,57.0
218,2017-05-15,58.0,58.0,57.0,57.0,301577145,167837,28,58.0,57.0
219,2017-05-16,57.0,58.0,57.0,57.0,447210561,248040,23,57.0,58.0
220,2017-05-17,57.0,58.0,57.0,57.0,624374301,346748,41,57.0,58.0
221,2017-05-20,58.0,58.0,57.0,58.0,726652247,401937,55,57.0,58.0
222,2017-05-21,58.0,58.0,57.0,57.0,322625636,179580,52,58.0,57.0
223,2017-05-22,58.0,58.0,57.0,58.0,520642996,288083,74,57.0,58.0
224,2017-05-23,59.0,59.0,58.0,58.0,1009252327,550224,65,58.0,58.0
225,2017-05-24,59.0,59.0,58.0,58.0,745845210,408722,90,58.0,58.0
226,2017-05-27,57.0,58.0,57.0,57.0,1164543465,647508,113,58.0,57.0
227,2017-05-28,57.0,57.0,56.0,57.0,1364595336,765912,124,57.0,56.0
228,2017-05-29,56.0,56.0,55.0,56.0,1574011494,900311,109,57.0,55.0
229,2017-05-30,57.0,57.0,55.0,56.0,353203777,202556,41,56.0,55.0
230,2017-05-31,55.0,56.0,55.0,56.0,502718919,286779,73,56.0,55.0
231,2017-06-03,55.0,57.0,53.0,54.0,2970481786,1734733,246,56.0,54.0
232,2017-06-14,55.0,55.0,55.0,54.0,68080000,48000,8,54.0,55.0
233,2017-06-17,53.0,55.0,51.0,54.0,1454557353,1053375,135,54.0,54.0
234,2017-06-18,53.0,54.0,53.0,54.0,66173117,47763,13,54.0,54.0
235,2017-06-19,53.0,54.0,51.0,53.0,413697136,309296,37,54.0,51.0
236,2017-06-20,50.0,56.0,50.0,53.0,3019412456,2184725,204,53.0,56.0
237,2017-06-21,53.0,55.0,53.0,54.0,830285445,593823,92,53.0,54.0
238,2017-06-24,52.0,55.0,52.0,54.0,626093693,445463,102,54.0,55.0
239,2017-06-25,55.0,55.0,53.0,54.0,265639878,188713,36,54.0,54.0
240,2017-06-28,55.0,56.0,54.0,54.0,739181110,524834,100,54.0,56.0
241,2017-07-01,55.0,55.0,54.0,54.0,443249260,316337,64,54.0,54.0
242,2017-07-02,54.0,55.0,53.0,54.0,333511746,237614,61,54.0,54.0
243,2017-07-03,54.0,56.0,53.0,54.0,4031028059,2869883,161,54.0,55.0
244,2017-07-04,55.0,55.0,54.0,54.0,688530738,489073,61,54.0,55.0
245,2017-07-05,55.0,55.0,53.0,55.0,334339905,237042,78,54.0,55.0
246,2017-07-08,55.0,55.0,53.0,54.0,669333359,478481,78,55.0,53.0
247,2017-07-09,53.0,54.0,51.0,53.0,1094228071,793680,91,54.0,54.0
248,2017-07-10,52.0,54.0,52.0,53.0,360733245,263626,80,53.0,54.0
249,2017-07-11,52.0,54.0,51.0,53.0,1070192142,781404,97,53.0,54.0
250,2017-07-12,52.0,54.0,52.0,53.0,734443449,536298,58,53.0,53.0
251,2017-07-15,52.0,53.0,51.0,52.0,1167730565,871119,89,53.0,52.0
252,2017-07-16,51.0,53.0,50.0,52.0,1674374271,1249827,118,52.0,53.0
253,2017-07-17,52.0,53.0,52.0,52.0,510943121,378448,40,52.0,52.0
254,2017-07-18,52.0,52.0,51.0,51.0,156394425,118021,54,52.0,51.0
255,2017-07-19,51.0,52.0,51.0,51.0,701436109,528395,62,51.0,51.0
256,2017-07-22,51.0,52.0,50.0,51.0,1760548413,1325817,163,51.0,52.0
257,2017-07-23,51.0,52.0,51.0,52.0,301691547,225500,68,51.0,52.0
258,2017-07-24,52.0,54.0,51.0,52.0,426894692,316280,92,52.0,54.0
259,2017-07-25,54.0,54.0,52.0,53.0,352920092,258656,81,52.0,53.0
260,2017-07-26,52.0,53.0,51.0,52.0,269105462,201841,48,53.0,51.0
261,2017-07-29,52.0,53.0,51.0,53.0,666285709,490068,107,52.0,53.0
262,2017-07-30,53.0,53.0,51.0,53.0,426443456,313118,90,53.0,53.0
263,2017-07-31,53.0,53.0,51.0,51.0,192781610,145420,24,53.0,51.0
264,2017-08-01,51.0,53.0,51.0,51.0,266545144,200856,41,51.0,52.0
265,2017-08-02,52.0,52.0,51.0,51.0,314089018,235997,51,51.0,51.0
266,2017-08-06,51.0,52.0,51.0,51.0,480959752,364480,59,51.0,51.0
267,2017-08-07,51.0,52.0,51.0,51.0,540357654,411242,70,51.0,51.0
268,2017-08-08,51.0,51.0,51.0,51.0,151328245,115194,21,51.0,51.0
269,2017-08-09,51.0,51.0,51.0,51.0,327678358,249697,36,51.0,51.0
270,2017-08-12,51.0,51.0,51.0,51.0,307724835,234293,80,51.0,51.0
271,2017-08-13,51.0,51.0,48.0,50.0,438121087,338608,53,51.0,50.0
272,2017-08-14,49.0,50.0,48.0,48.0,644217453,514982,63,50.0,48.0
273,2017-08-15,48.0,48.0,46.0,47.0,337520594,277599,38,48.0,47.0
274,2017-08-16,48.0,49.0,48.0,49.0,436879993,345272,71,47.0,49.0
275,2017-08-19,48.0,48.0,48.0,48.0,440686752,355737,47,49.0,48.0
276,2017-08-20,48.0,50.0,46.0,50.0,1739305883,1356232,107,48.0,50.0
277,2017-08-21,50.0,52.0,50.0,51.0,1527468688,1161132,141,50.0,52.0
278,2017-08-22,52.0,52.0,50.0,51.0,965164815,733658,91,51.0,51.0
279,2017-08-23,52.0,52.0,50.0,51.0,646994029,490572,80,51.0,52.0
280,2017-08-26,51.0,53.0,51.0,52.0,1051436974,778617,106,51.0,52.0
281,2017-08-27,53.0,53.0,52.0,53.0,298581260,218226,55,52.0,52.0
282,2017-08-28,52.0,52.0,51.0,51.0,386174162,291946,35,53.0,51.0
283,2017-08-29,51.0,51.0,50.0,51.0,289513867,221157,53,51.0,51.0
284,2017-08-30,50.0,53.0,50.0,52.0,1081236157,798232,127,51.0,53.0
285,2017-09-02,53.0,55.0,53.0,54.0,3197318250,2269043,214,52.0,55.0
286,2017-09-03,53.0,55.0,53.0,54.0,1702125009,1210053,235,54.0,55.0
287,2017-09-04,54.0,54.0,52.0,53.0,432270383,316926,47,54.0,52.0
288,2017-09-05,52.0,55.0,52.0,54.0,58472729,42020,33,53.0,53.0
289,2017-09-06,55.0,55.0,51.0,52.0,460656871,342546,75,54.0,51.0
290,2017-09-10,54.0,54.0,50.0,51.0,345781305,261224,35,52.0,52.0
291,2017-09-11,50.0,53.0,50.0,51.0,515899044,387705,106,51.0,52.0
292,2017-09-12,50.0,53.0,50.0,52.0,427354126,320426,91,51.0,53.0
293,2017-09-13,50.0,53.0,50.0,52.0,499443262,371737,127,52.0,53.0
294,2017-09-16,51.0,53.0,51.0,52.0,585778168,432949,83,52.0,53.0
295,2017-09-17,53.0,54.0,52.0,52.0,336169397,249492,37,52.0,52.0
296,2017-09-18,52.0,53.0,52.0,52.0,101946286,75533,20,52.0,52.0
297,2017-09-19,52.0,52.0,51.0,52.0,68791089,51437,19,52.0,52.0
298,2017-09-20,52.0,54.0,52.0,54.0,873111326,627531,77,52.0,54.0
299,2017-09-23,53.0,54.0,52.0,52.0,356311314,264141,32,54.0,52.0
300,2017-09-24,52.0,53.0,52.0,52.0,60438586,44548,15,52.0,52.0
301,2017-09-25,52.0,52.0,52.0,52.0,76101793,56862,18,52.0,52.0
302,2017-09-26,52.0,52.0,50.0,50.0,984873724,754972,77,52.0,51.0
303,2017-09-27,50.0,52.0,50.0,50.0,125344901,96114,20,50.0,50.0
304,2017-10-02,51.0,52.0,50.0,51.0,210223771,159527,35,50.0,51.0
305,2017-10-03,50.0,50.0,50.0,50.0,158091076,122325,24,51.0,50.0
306,2017-10-04,50.0,50.0,49.0,50.0,396604128,307888,31,50.0,50.0
307,2017-10-07,50.0,52.0,49.0,51.0,306126248,233903,48,50.0,51.0
308,2017-10-08,52.0,52.0,48.0,50.0,1228473799,959362,86,51.0,49.0
309,2017-10-09,50.0,51.0,49.0,50.0,93966881,72243,26,50.0,49.0
310,2017-10-10,48.0,50.0,48.0,48.0,210343735,167728,39,50.0,49.0
311,2017-10-11,48.0,50.0,48.0,49.0,118332116,93704,30,48.0,50.0
312,2017-10-14,49.0,50.0,48.0,49.0,1259607299,1003769,88,49.0,48.0
313,2017-10-15,50.0,50.0,47.0,48.0,1473819424,1192315,161,49.0,48.0
314,2017-10-16,47.0,49.0,47.0,48.0,287106412,231360,61,48.0,49.0
315,2017-10-17,48.0,49.0,48.0,49.0,188130585,149698,43,48.0,49.0
316,2017-10-18,49.0,50.0,47.0,49.0,1315201572,1044317,134,49.0,48.0
317,2017-10-21,48.0,49.0,47.0,47.0,972139393,796524,85,49.0,47.0
318,2017-10-22,47.0,48.0,47.0,47.0,173298406,141229,30,47.0,47.0
319,2017-10-23,47.0,50.0,47.0,49.0,1407315508,1104759,121,47.0,50.0
320,2017-10-24,50.0,50.0,49.0,50.0,436423933,339459,101,49.0,49.0
321,2017-10-25,49.0,49.0,49.0,49.0,318450171,252476,30,50.0,49.0
322,2017-10-28,48.0,50.0,48.0,50.0,194012638,150901,36,49.0,49.0
323,2017-10-29,48.0,50.0,48.0,49.0,348816296,274200,43,50.0,49.0
324,2017-10-30,48.0,50.0,48.0,49.0,289886397,231059,37,49.0,49.0
325,2017-10-31,49.0,51.0,49.0,50.0,759193581,588513,85,49.0,50.0
326,2017-11-01,49.0,50.0,49.0,50.0,186479712,145600,42,50.0,49.0
327,2017-11-04,49.0,50.0,49.0,49.0,48070680,37738,10,50.0,50.0
328,2017-11-05,48.0,50.0,48.0,49.0,450957769,358805,20,49.0,49.0
329,2017-11-06,48.0,49.0,48.0,48.0,439783397,351447,34,49.0,48.0
330,2017-11-07,50.0,50.0,47.0,48.0,313849579,253311,59,48.0,48.0
331,2017-11-08,49.0,49.0,48.0,48.0,186721364,148885,35,48.0,48.0
332,2017-11-11,48.0,49.0,48.0,49.0,246814136,195690,51,48.0,49.0
333,2017-11-12,49.0,49.0,48.0,48.0,590033681,471000,65,49.0,49.0
334,2017-11-13,48.0,49.0,48.0,48.0,509447430,407052,59,48.0,49.0
335,2017-11-14,48.0,49.0,48.0,49.0,361044340,287411,19,48.0,48.0
336,2017-11-15,49.0,49.0,48.0,49.0,401481593,318089,46,49.0,49.0
337,2017-11-18,48.0,49.0,48.0,49.0,212016439,167755,43,49.0,49.0
338,2017-11-20,48.0,50.0,48.0,49.0,648126086,508116,58,49.0,50.0
339,2017-11-21,50.0,51.0,49.0,50.0,737493621,566801,96,49.0,50.0
340,2017-11-22,51.0,52.0,49.0,51.0,1204907513,908015,147,50.0,52.0
341,2017-11-25,52.0,53.0,50.0,51.0,442726369,333308,80,51.0,52.0
342,2017-11-26,50.0,52.0,50.0,51.0,754273031,572091,74,51.0,50.0
343,2017-11-28,51.0,51.0,50.0,51.0,301923385,227510,35,51.0,50.0
344,2017-11-29,49.0,52.0,49.0,51.0,682994819,514293,63,51.0,52.0
345,2017-12-02,51.0,52.0,50.0,51.0,404754673,304742,44,51.0,52.0
346,2017-12-03,52.0,52.0,50.0,51.0,189977579,143000,33,51.0,51.0
347,2017-12-04,51.0,52.0,50.0,51.0,314195830,237600,41,51.0,52.0
348,2017-12-05,52.0,52.0,50.0,51.0,161722249,122400,26,51.0,50.0
349,2017-12-09,50.0,52.0,50.0,51.0,349895556,267614,25,51.0,50.0
350,2017-12-10,52.0,52.0,49.0,50.0,132280782,101945,29,51.0,50.0
351,2017-12-11,49.0,51.0,49.0,49.0,226011472,176786,32,50.0,51.0
352,2017-12-12,50.0,51.0,48.0,50.0,799038004,623105,55,49.0,50.0
353,2017-12-13,50.0,51.0,50.0,51.0,359251229,274855,40,50.0,51.0
354,2017-12-16,51.0,51.0,50.0,50.0,392257499,302146,48,51.0,50.0
355,2017-12-17,51.0,51.0,49.0,50.0,49711730,38422,10,50.0,50.0
356,2017-12-18,49.0,51.0,49.0,50.0,94119269,72339,17,50.0,50.0
357,2017-12-19,50.0,51.0,49.0,50.0,175378956,136749,43,50.0,49.0
358,2017-12-20,49.0,49.0,49.0,49.0,112393641,88117,42,50.0,49.0
359,2017-12-23,50.0,51.0,49.0,50.0,587987437,455793,63,49.0,51.0
360,2017-12-24,49.0,50.0,49.0,49.0,185109318,144775,32,50.0,49.0
361,2017-12-25,49.0,50.0,49.0,50.0,94417615,73091,21,49.0,50.0
362,2017-12-26,49.0,49.0,49.0,49.0,333160267,261342,36,50.0,49.0
363,2017-12-27,49.0,49.0,49.0,49.0,219930056,172849,29,49.0,49.0
364,2017-12-30,49.0,49.0,48.0,48.0,376802395,300371,38,49.0,48.0
365,2017-12-31,48.0,48.0,46.0,46.0,799692639,666121,107,48.0,47.0
366,2018-01-01,48.0,48.0,48.0,48.0,201562717,163604,26,46.0,48.0
367,2018-01-02,49.0,49.0,46.0,47.0,506888030,420416,41,48.0,47.0
368,2018-01-03,46.0,47.0,46.0,46.0,40260827,33511,13,47.0,46.0
369,2018-01-06,47.0,49.0,47.0,48.0,357232359,286941,53,46.0,49.0
370,2018-01-07,50.0,51.0,49.0,50.0,267973823,206329,52,48.0,50.0
371,2018-01-08,51.0,51.0,49.0,51.0,471725424,358605,50,50.0,51.0
372,2018-01-09,49.0,51.0,49.0,50.0,76729800,58950,19,51.0,51.0
373,2018-01-10,51.0,51.0,49.0,50.0,70597473,55120,11,50.0,49.0
374,2018-01-13,51.0,51.0,50.0,50.0,133058538,102644,23,50.0,50.0
375,2018-01-14,51.0,51.0,50.0,50.0,340678711,262551,37,50.0,50.0
376,2018-01-15,50.0,50.0,49.0,50.0,243163843,188740,34,50.0,50.0
377,2018-01-16,50.0,52.0,50.0,51.0,1772809263,1340249,154,50.0,52.0
378,2018-01-17,52.0,52.0,51.0,52.0,683898183,507192,88,51.0,52.0
379,2018-01-20,52.0,52.0,51.0,52.0,147978730,110517,23,52.0,52.0
380,2018-01-21,51.0,51.0,50.0,51.0,463627939,354757,30,52.0,50.0
381,2018-01-22,50.0,51.0,48.0,49.0,415296644,328123,62,51.0,51.0
382,2018-01-23,51.0,51.0,49.0,50.0,331185185,257985,24,49.0,51.0
383,2018-01-24,50.0,51.0,50.0,50.0,115392899,88373,22,50.0,51.0
384,2018-01-27,50.0,51.0,50.0,51.0,289820033,221040,25,50.0,51.0
385,2018-01-28,50.0,52.0,50.0,51.0,35189388,26800,9,51.0,51.0
386,2018-01-29,51.0,51.0,50.0,50.0,69758182,53785,17,51.0,50.0
387,2018-01-30,51.0,51.0,49.0,49.0,715362803,560653,60,50.0,49.0
388,2018-02-03,51.0,52.0,51.0,52.0,370313431,276759,20,49.0,52.0
389,2018-02-04,54.0,54.0,52.0,54.0,1846479590,1331620,148,52.0,52.0
390,2018-02-05,52.0,53.0,51.0,52.0,310541157,232727,56,54.0,52.0
391,2018-02-06,51.0,53.0,51.0,52.0,794502462,593680,130,52.0,53.0
392,2018-02-07,51.0,53.0,51.0,52.0,189370404,141753,25,52.0,52.0
393,2018-02-10,53.0,53.0,50.0,51.0,99141978,75534,22,52.0,51.0
394,2018-02-12,53.0,53.0,51.0,52.0,111773354,83826,23,51.0,52.0
395,2018-02-13,52.0,52.0,51.0,51.0,665771811,503865,28,52.0,51.0
396,2018-02-14,51.0,52.0,50.0,50.0,727570154,557542,59,51.0,51.0
397,2018-02-17,50.0,52.0,49.0,50.0,1116654366,855117,107,50.0,52.0
398,2018-02-18,50.0,52.0,50.0,50.0,342252046,262844,44,50.0,50.0
399,2018-02-19,50.0,50.0,50.0,50.0,227196228,176622,36,50.0,50.0
400,2018-02-21,50.0,51.0,49.0,50.0,353502052,275934,26,50.0,49.0
401,2018-02-24,51.0,51.0,49.0,49.0,331506668,260523,37,50.0,49.0
402,2018-02-25,49.0,50.0,49.0,49.0,316882132,248133,71,49.0,50.0
403,2018-02-26,49.0,51.0,49.0,50.0,532272680,410731,362,49.0,51.0
404,2018-02-27,51.0,52.0,49.0,51.0,852081679,643008,72,50.0,50.0
405,2018-02-28,50.0,52.0,50.0,51.0,574110911,433261,382,51.0,51.0
406,2018-03-03,51.0,52.0,50.0,51.0,543276695,410343,274,51.0,50.0
407,2018-03-04,51.0,52.0,50.0,50.0,754961459,580672,241,51.0,50.0
408,2018-03-05,51.0,51.0,50.0,51.0,292693549,223991,172,50.0,51.0
409,2018-03-06,51.0,51.0,49.0,50.0,1986381591,1530642,1015,51.0,49.0
410,2018-03-07,49.0,51.0,49.0,51.0,1962465127,1495052,1374,50.0,50.0
411,2018-03-10,51.0,52.0,50.0,51.0,1357352559,1034686,439,51.0,51.0
412,2018-03-14,51.0,53.0,51.0,51.0,105151934,93294,21,51.0,53.0
413,2018-03-17,52.0,52.0,51.0,52.0,404065124,354024,239,51.0,52.0
414,2018-03-18,52.0,53.0,51.0,52.0,839892300,740054,289,52.0,51.0
415,2018-03-19,53.0,53.0,52.0,52.0,52706587,45982,12,52.0,52.0
416,2018-03-25,53.0,53.0,52.0,53.0,340270232,294395,249,52.0,53.0
417,2018-03-26,52.0,53.0,52.0,53.0,188974790,163297,40,53.0,52.0
418,2018-03-27,52.0,53.0,52.0,52.0,25770500,22400,16,53.0,53.0
419,2018-03-28,52.0,53.0,52.0,53.0,330154807,285437,138,52.0,53.0
420,2018-04-03,53.0,54.0,52.0,53.0,60768327,52134,20,53.0,54.0
421,2018-04-04,52.0,53.0,52.0,53.0,198352519,170028,174,53.0,53.0
422,2018-04-07,53.0,53.0,51.0,52.0,708146873,618573,265,53.0,52.0
423,2018-04-08,53.0,53.0,51.0,52.0,1001583665,882505,397,52.0,52.0
424,2018-04-09,52.0,52.0,51.0,51.0,560068098,498140,312,52.0,52.0
425,2018-04-10,52.0,52.0,50.0,51.0,700994418,630257,124,51.0,51.0
426,2018-04-11,50.0,50.0,49.0,50.0,966375693,884906,71,51.0,50.0
427,2018-04-15,49.0,50.0,47.0,48.0,2671439458,2531535,300,50.0,50.0
428,2018-04-16,50.0,51.0,50.0,50.0,994603165,902503,321,48.0,50.0
429,2018-04-17,50.0,51.0,49.0,50.0,170338034,154288,85,50.0,50.0
430,2018-04-18,49.0,51.0,49.0,50.0,181543970,166642,19,50.0,50.0
431,2018-04-21,50.0,51.0,49.0,50.0,694116497,634498,91,50.0,49.0
432,2018-04-22,48.0,48.0,47.0,48.0,354142557,337950,49,50.0,48.0
433,2018-04-23,47.0,48.0,47.0,47.0,400555768,386549,35,48.0,47.0
434,2018-04-24,47.0,49.0,47.0,48.0,123801548,118232,22,47.0,48.0
435,2018-04-25,48.0,48.0,47.0,48.0,125805970,120239,25,48.0,48.0
436,2018-04-28,48.0,49.0,45.0,47.0,991619461,969012,257,48.0,46.0
437,2018-04-29,46.0,48.0,45.0,47.0,121635972,119111,35,47.0,46.0
438,2018-04-30,46.0,48.0,46.0,47.0,673044225,647041,170,47.0,48.0
439,2018-05-01,47.0,47.0,47.0,47.0,39291276,38056,15,47.0,47.0
440,2018-05-05,48.0,48.0,47.0,48.0,408957150,389005,34,47.0,47.0
441,2018-05-06,48.0,49.0,48.0,48.0,446168620,422916,30,48.0,49.0
442,2018-05-07,48.0,48.0,47.0,48.0,78202759,74468,17,48.0,48.0
443,2018-05-08,49.0,49.0,48.0,48.0,828113665,784383,42,48.0,48.0
444,2018-05-09,47.0,47.0,46.0,46.0,1095182015,1090244,97,48.0,46.0
445,2018-05-12,46.0,47.0,46.0,47.0,196599914,190615,34,46.0,47.0
446,2018-05-13,48.0,49.0,48.0,49.0,866710779,808022,132,47.0,48.0
447,2018-05-14,50.0,50.0,48.0,50.0,362216087,333229,64,49.0,49.0
448,2018-05-15,50.0,50.0,48.0,49.0,939833356,874539,508,50.0,48.0
449,2018-05-16,50.0,50.0,49.0,50.0,610460726,561307,306,49.0,49.0
450,2018-05-19,50.0,50.0,49.0,49.0,360950385,332991,184,50.0,49.0
451,2018-05-20,50.0,50.0,49.0,50.0,373681970,343470,176,49.0,50.0
452,2018-05-21,50.0,50.0,48.0,49.0,541725450,507371,46,50.0,49.0
453,2018-05-22,49.0,49.0,49.0,49.0,212784606,197889,77,49.0,49.0
454,2018-05-23,49.0,49.0,49.0,49.0,78778738,72938,58,49.0,49.0
455,2018-05-26,50.0,51.0,49.0,50.0,222258337,202811,129,49.0,50.0
456,2018-05-27,50.0,51.0,49.0,50.0,248063217,224493,168,50.0,50.0
457,2018-05-28,51.0,51.0,50.0,50.0,423967930,384043,253,50.0,51.0
458,2018-05-29,50.0,51.0,50.0,51.0,119061466,106793,22,50.0,51.0
459,2018-05-30,50.0,51.0,50.0,51.0,150480962,135885,102,51.0,50.0
460,2018-06-02,50.0,51.0,50.0,51.0,130995267,118096,107,51.0,50.0
461,2018-06-03,51.0,51.0,50.0,50.0,203556762,185141,95,51.0,51.0
462,2018-06-09,51.0,53.0,50.0,52.0,786117484,695585,197,50.0,53.0
463,2018-06-10,51.0,53.0,51.0,53.0,312870505,271783,86,52.0,53.0
464,2018-06-11,52.0,53.0,52.0,52.0,157231452,137378,78,53.0,53.0
465,2018-06-12,51.0,53.0,51.0,52.0,332176527,293922,121,52.0,52.0
466,2018-06-13,52.0,54.0,51.0,53.0,627704270,536417,224,52.0,53.0
467,2018-06-17,52.0,56.0,52.0,55.0,1706277140,1408309,495,53.0,56.0
468,2018-06-18,58.0,58.0,56.0,56.0,1295443433,1052498,207,55.0,56.0
469,2018-06-19,56.0,59.0,56.0,58.0,1913159207,1493144,271,56.0,59.0
470,2018-06-20,57.0,61.0,57.0,61.0,2538101616,1887902,414,58.0,61.0
471,2018-06-23,64.0,64.0,64.0,64.0,7050000,5000,3,61.0,64.0
472,2018-06-24,67.0,67.0,62.0,63.0,515334887,373687,56,64.0,62.0
473,2018-06-25,64.0,64.0,61.0,62.0,1285102034,943979,273,63.0,62.0
474,2018-06-26,63.0,64.0,60.0,62.0,1060967879,783744,359,62.0,62.0
475,2018-06-27,62.0,62.0,59.0,60.0,1396796100,1053063,286,62.0,61.0
476,2018-06-30,62.0,62.0,60.0,61.0,270336536,203728,38,60.0,61.0
477,2018-07-01,62.0,62.0,58.0,60.0,431224450,330455,98,61.0,60.0
478,2018-07-02,60.0,62.0,59.0,60.0,355004502,268036,135,60.0,60.0
479,2018-07-03,61.0,62.0,60.0,60.0,418895919,316169,132,60.0,60.0
480,2018-07-04,61.0,62.0,59.0,60.0,883163628,675813,98,60.0,59.0
481,2018-07-07,60.0,61.0,58.0,59.0,1601192056,1228791,212,60.0,59.0
482,2018-07-08,60.0,61.0,57.0,57.0,1499475053,1191522,132,59.0,57.0
483,2018-07-10,59.0,59.0,57.0,59.0,148236007,115558,24,57.0,58.0
484,2018-07-11,57.0,58.0,56.0,57.0,640130550,516237,158,59.0,56.0
485,2018-07-14,57.0,58.0,55.0,57.0,773069454,623226,178,57.0,57.0
486,2018-07-15,57.0,58.0,56.0,57.0,208011926,165823,74,57.0,58.0
487,2018-07-16,57.0,58.0,56.0,57.0,158681796,126348,77,57.0,57.0
488,2018-07-17,57.0,58.0,57.0,57.0,358848177,285821,69,57.0,58.0
489,2018-07-18,57.0,58.0,56.0,57.0,340153822,271408,171,57.0,57.0
490,2018-07-21,57.0,57.0,56.0,57.0,284958513,228428,185,57.0,57.0
491,2018-07-22,57.0,57.0,55.0,56.0,329568294,269377,74,57.0,56.0
492,2018-07-23,56.0,56.0,54.0,55.0,879622116,724373,164,56.0,56.0
493,2018-07-24,56.0,57.0,55.0,57.0,297607663,240238,98,55.0,57.0
494,2018-07-25,57.0,57.0,56.0,57.0,372719845,299942,116,57.0,57.0
495,2018-07-28,57.0,60.0,57.0,59.0,583832968,450128,158,57.0,60.0
496,2018-07-29,59.0,62.0,56.0,57.0,5290666942,4222974,1227,59.0,60.0
497,2018-07-30,59.0,60.0,59.0,60.0,1187516444,904368,147,57.0,60.0
498,2018-07-31,61.0,63.0,60.0,62.0,2723218641,1990585,588,60.0,63.0
499,2018-08-01,65.0,65.0,62.0,63.0,3013139963,2174187,393,62.0,63.0
500,2018-08-04,63.0,63.0,61.0,62.0,665424914,488080,269,63.0,62.0
501,2018-08-05,62.0,65.0,59.0,61.0,5214225308,3916284,537,62.0,61.0
502,2018-08-06,62.0,64.0,59.0,61.0,5084264752,3798411,466,61.0,60.0
503,2018-08-07,62.0,62.0,59.0,60.0,805608292,611533,218,61.0,59.0
504,2018-08-08,59.0,59.0,58.0,59.0,529822530,411174,154,60.0,59.0
505,2018-08-11,59.0,61.0,57.0,59.0,712163746,551612,186,59.0,57.0
506,2018-08-12,59.0,60.0,58.0,59.0,446190995,343415,162,59.0,60.0
507,2018-08-13,59.0,60.0,58.0,59.0,740448846,573201,201,59.0,58.0
508,2018-08-14,57.0,59.0,57.0,59.0,643892890,498140,257,59.0,59.0
509,2018-08-15,59.0,59.0,58.0,59.0,843572735,649818,205,59.0,59.0
510,2018-08-18,60.0,61.0,59.0,60.0,1880548946,1432839,415,59.0,61.0
511,2018-08-19,63.0,63.0,62.0,63.0,3426413101,2492660,601,60.0,63.0
512,2018-08-20,64.0,66.0,64.0,65.0,3620484983,2528374,897,63.0,65.0
513,2018-08-21,65.0,66.0,62.0,64.0,2012011560,1424405,426,65.0,64.0
514,2018-08-25,66.0,66.0,62.0,63.0,810681683,587139,127,64.0,63.0
515,2018-08-26,63.0,63.0,62.0,62.0,520401413,381266,65,63.0,63.0
516,2018-08-27,64.0,64.0,60.0,62.0,1541582686,1128424,273,62.0,64.0
517,2018-08-28,63.0,64.0,61.0,63.0,415777941,300572,231,62.0,63.0
518,2018-08-29,63.0,64.0,63.0,63.0,698378677,503869,229,63.0,64.0
519,2018-09-01,64.0,65.0,60.0,62.0,2038516857,1506809,313,63.0,62.0
520,2018-09-02,62.0,62.0,59.0,60.0,1206067191,912712,281,62.0,62.0
521,2018-09-03,61.0,62.0,59.0,60.0,592658628,448231,110,60.0,61.0
522,2018-09-04,62.0,63.0,60.0,61.0,407776573,303848,97,60.0,61.0
523,2018-09-05,60.0,61.0,59.0,60.0,2451503855,1870225,390,61.0,60.0
524,2018-09-08,61.0,62.0,58.0,61.0,8761732955,6551497,652,60.0,62.0
525,2018-09-09,62.0,63.0,62.0,63.0,2080971955,1518469,528,61.0,63.0
526,2018-09-10,63.0,63.0,62.0,63.0,4315505679,3149201,498,63.0,62.0
527,2018-09-11,63.0,65.0,63.0,65.0,7699458827,5430274,817,63.0,65.0
528,2018-09-12,65.0,68.0,65.0,65.0,41264221302,28829291,1119,65.0,67.0
529,2018-09-15,69.0,69.0,69.0,69.0,6612983070,4402785,150,65.0,69.0
530,2018-09-16,72.0,72.0,68.0,72.0,24093368181,15369445,764,69.0,72.0
531,2018-09-17,75.0,75.0,75.0,75.0,1213595800,737300,34,72.0,75.0
532,2018-09-18,79.0,79.0,75.0,76.0,17677119862,10567483,810,75.0,75.0
533,2018-09-22,78.0,80.0,77.0,80.0,20168988829,11538669,871,76.0,80.0
534,2018-09-23,84.0,84.0,79.0,81.0,14743022012,8327532,786,80.0,79.0
535,2018-09-24,81.0,85.0,77.0,80.0,21737950464,12330373,1219,81.0,80.0
536,2018-09-25,82.0,84.0,80.0,82.0,14269826119,7931841,684,80.0,81.0
537,2018-09-26,83.0,83.0,78.0,80.0,19684702554,11260371,1086,82.0,79.0
538,2018-09-29,80.0,84.0,79.0,82.0,21978400813,12213941,1147,80.0,83.0
539,2018-09-30,85.0,86.0,84.0,86.0,35137490753,18633866,784,82.0,86.0
540,2018-10-01,90.0,90.0,82.0,89.0,36183274273,18529080,1001,86.0,90.0
541,2018-10-02,89.0,91.0,85.0,85.0,17129580613,9205754,477,89.0,85.0
542,2018-10-03,81.0,85.0,81.0,82.0,20392852636,11346355,759,85.0,84.0
543,2018-10-06,86.0,86.0,78.0,81.0,6767408461,3825101,356,82.0,78.0
544,2018-10-07,77.0,77.0,77.0,77.0,1351529043,804003,55,81.0,77.0
545,2018-10-08,73.0,73.0,73.0,73.0,3839413177,2404141,72,77.0,73.0
546,2018-10-09,71.0,76.0,69.0,74.0,9136679424,5619446,1332,73.0,71.0
547,2018-10-10,71.0,73.0,70.0,71.0,7727012890,4998292,383,74.0,70.0
548,2018-10-13,67.0,67.0,67.0,67.0,1652404073,1124809,128,71.0,67.0
549,2018-10-14,64.0,67.0,64.0,64.0,5095786933,3637673,283,67.0,64.0
550,2018-10-15,65.0,67.0,65.0,67.0,4864335072,3318748,252,64.0,67.0
551,2018-10-16,67.0,69.0,65.0,67.0,3211638720,2171079,188,67.0,66.0
552,2018-10-17,65.0,70.0,64.0,68.0,13729890891,9174963,504,67.0,68.0
553,2018-10-20,70.0,72.0,70.0,72.0,2320108541,1478925,68,68.0,72.0
554,2018-10-21,75.0,75.0,72.0,75.0,43950469355,26696250,970,72.0,75.0
555,2018-10-22,76.0,77.0,72.0,75.0,11653425094,7060932,487,75.0,76.0
556,2018-10-23,73.0,76.0,72.0,73.0,9716687443,6043963,339,75.0,72.0
557,2018-10-24,72.0,74.0,70.0,70.0,2460642943,1602473,94,73.0,70.0
558,2018-10-27,67.0,69.0,67.0,67.0,6689103791,4550344,249,70.0,67.0
559,2018-10-28,64.0,70.0,64.0,69.0,2339218726,1553816,238,67.0,70.0
560,2018-10-29,70.0,72.0,70.0,70.0,1799809726,1166077,201,69.0,70.0
561,2018-10-31,71.0,73.0,68.0,71.0,4670493757,3002103,359,70.0,73.0
562,2018-11-03,73.0,74.0,70.0,72.0,5096184806,3224302,270,71.0,73.0
563,2018-11-04,71.0,75.0,70.0,73.0,8418432804,5257702,505,72.0,72.0
564,2018-11-05,73.0,75.0,73.0,74.0,2517758252,1559409,223,73.0,74.0
565,2018-11-06,75.0,77.0,73.0,74.0,2398477989,1470679,163,74.0,74.0
566,2018-11-10,75.0,75.0,71.0,73.0,2352762928,1478016,275,74.0,72.0
567,2018-11-11,74.0,74.0,69.0,70.0,2827804925,1847500,152,73.0,70.0
568,2018-11-12,70.0,72.0,70.0,71.0,1505727936,966253,80,70.0,71.0
569,2018-11-13,71.0,72.0,69.0,70.0,1688041722,1099707,146,71.0,69.0
570,2018-11-14,71.0,71.0,69.0,70.0,1249783705,812799,84,70.0,70.0
571,2018-11-17,71.0,74.0,69.0,73.0,8085289823,5057404,250,70.0,74.0
572,2018-11-18,77.0,77.0,73.0,76.0,15679451072,9458997,651,73.0,75.0
573,2018-11-19,73.0,79.0,73.0,77.0,7244712247,4281970,403,76.0,76.0
574,2018-11-20,77.0,78.0,75.0,76.0,3513911253,2107188,375,77.0,76.0
575,2018-11-21,77.0,77.0,73.0,76.0,4653954865,2801545,302,76.0,77.0
576,2018-11-24,77.0,78.0,72.0,74.0,1994319761,1223523,112,76.0,73.0
577,2018-11-26,72.0,73.0,71.0,71.0,1597329719,1019151,170,74.0,73.0
578,2018-11-27,70.0,75.0,70.0,72.0,2067042724,1303416,234,71.0,73.0
579,2018-11-28,75.0,75.0,71.0,73.0,1609886342,1011463,147,72.0,72.0
580,2018-12-01,70.0,70.0,69.0,69.0,5336518790,3522260,159,73.0,69.0
581,2018-12-02,69.0,69.0,68.0,68.0,6595972263,4400561,201,69.0,69.0
582,2018-12-03,72.0,72.0,70.0,72.0,3041461254,1935747,260,68.0,72.0
583,2018-12-04,72.0,73.0,69.0,71.0,3046715504,1947636,324,72.0,69.0
584,2018-12-05,72.0,75.0,70.0,74.0,10059282912,6221984,399,71.0,73.0
585,2018-12-08,73.0,74.0,71.0,73.0,3056202655,1906238,139,74.0,73.0
586,2018-12-09,75.0,75.0,71.0,73.0,1466271074,913874,68,73.0,73.0
587,2018-12-10,73.0,73.0,71.0,72.0,1898087956,1204325,91,73.0,72.0
588,2018-12-12,70.0,72.0,70.0,70.0,2827180549,1839436,158,72.0,70.0
589,2018-12-15,71.0,72.0,70.0,71.0,1277143582,821396,75,70.0,72.0
590,2018-12-16,72.0,74.0,71.0,73.0,2751604023,1721669,168,71.0,72.0
591,2018-12-17,71.0,71.0,69.0,70.0,2026781203,1324581,119,73.0,69.0
592,2018-12-18,71.0,72.0,69.0,70.0,1373226436,899030,76,70.0,69.0
593,2018-12-19,69.0,69.0,69.0,69.0,1048203856,694681,61,70.0,69.0
594,2018-12-22,69.0,69.0,68.0,69.0,586705855,389580,49,69.0,69.0
595,2018-12-23,70.0,71.0,69.0,70.0,486062993,318309,46,69.0,69.0
596,2018-12-24,69.0,69.0,69.0,69.0,705989079,467701,48,70.0,69.0
597,2018-12-25,69.0,70.0,67.0,68.0,1625660212,1092578,116,69.0,68.0
598,2018-12-26,68.0,68.0,65.0,66.0,3065139556,2126762,258,68.0,65.0
599,2018-12-29,67.0,68.0,65.0,66.0,1444627803,991955,133,66.0,67.0
600,2018-12-30,66.0,66.0,66.0,66.0,757285715,523171,67,66.0,66.0
601,2018-12-31,66.0,66.0,66.0,66.0,449816893,311356,41,66.0,66.0
602,2019-01-01,66.0,67.0,65.0,66.0,1423367401,982968,78,66.0,66.0
603,2019-01-02,67.0,68.0,66.0,67.0,1322924151,900714,113,66.0,67.0
604,2019-01-05,68.0,68.0,66.0,67.0,400305100,271932,48,67.0,67.0
605,2019-01-06,67.0,68.0,66.0,67.0,1129518126,767815,177,67.0,67.0
606,2019-01-07,68.0,68.0,67.0,68.0,900246621,607731,165,67.0,68.0
607,2019-01-08,68.0,69.0,68.0,68.0,1931562680,1299010,150,68.0,68.0
608,2019-01-09,68.0,68.0,67.0,68.0,2940932224,1984589,126,68.0,68.0
609,2019-01-12,67.0,69.0,67.0,69.0,1937783151,1289980,139,68.0,69.0
610,2019-01-13,69.0,69.0,68.0,69.0,1585653075,1055347,122,69.0,69.0
611,2019-01-14,69.0,70.0,68.0,69.0,1013874079,671922,88,69.0,69.0
612,2019-01-15,69.0,70.0,68.0,68.0,1127075433,754841,94,69.0,69.0
613,2019-01-16,68.0,68.0,68.0,68.0,1662295040,1120195,89,68.0,68.0
614,2019-01-19,68.0,71.0,68.0,71.0,3063155816,1976534,140,68.0,71.0
615,2019-01-20,74.0,74.0,72.0,74.0,19049472274,11737833,723,71.0,72.0
616,2019-01-21,73.0,78.0,70.0,75.0,9474988351,5739796,520,74.0,78.0
617,2019-01-22,79.0,79.0,74.0,77.0,3888528667,2312672,207,75.0,75.0
618,2019-01-23,75.0,78.0,74.0,76.0,5337397393,3190180,214,77.0,78.0
619,2019-01-26,78.0,78.0,75.0,76.0,963471264,575797,95,76.0,75.0
620,2019-01-27,77.0,80.0,74.0,76.0,3499838416,2089874,155,76.0,74.0
621,2019-01-28,75.0,75.0,73.0,73.0,1218576833,759427,137,76.0,73.0
622,2019-01-29,72.0,75.0,70.0,73.0,1626290793,1020043,87,73.0,72.0
623,2019-01-30,73.0,75.0,72.0,73.0,782886729,487175,112,73.0,73.0
624,2019-02-02,72.0,75.0,71.0,73.0,1920182875,1207403,62,73.0,74.0
625,2019-02-03,72.0,74.0,71.0,72.0,1025820585,650169,58,73.0,72.0
626,2019-02-04,71.0,73.0,71.0,72.0,720461283,456130,50,72.0,71.0
627,2019-02-05,71.0,73.0,71.0,71.0,838969456,537833,65,72.0,73.0
628,2019-02-06,73.0,73.0,70.0,71.0,1252741332,803769,76,71.0,72.0
629,2019-02-10,73.0,73.0,71.0,72.0,890742015,564960,65,71.0,71.0
630,2019-02-12,71.0,72.0,70.0,71.0,461255847,297498,43,72.0,71.0
631,2019-02-13,70.0,71.0,70.0,70.0,1204920527,781547,60,71.0,70.0
632,2019-02-16,70.0,70.0,67.0,69.0,1512578942,1003783,127,70.0,68.0
633,2019-02-17,68.0,69.0,67.0,68.0,481715972,325124,70,69.0,67.0
634,2019-02-18,67.0,70.0,67.0,67.0,719702457,490289,85,68.0,68.0
635,2019-02-19,67.0,68.0,66.0,67.0,2663599482,1807095,100,67.0,67.0
636,2019-02-20,68.0,71.0,68.0,70.0,1515854742,982153,108,67.0,71.0
637,2019-02-23,73.0,73.0,72.0,73.0,846827255,532606,66,70.0,73.0
638,2019-02-24,73.0,73.0,71.0,71.0,727716877,466980,59,73.0,71.0
639,2019-02-25,71.0,73.0,71.0,71.0,1027320058,658594,47,71.0,71.0
640,2019-02-26,70.0,71.0,68.0,70.0,1859695253,1208901,70,71.0,69.0
641,2019-02-27,70.0,72.0,70.0,71.0,367570189,236414,41,70.0,71.0
642,2019-03-02,71.0,72.0,71.0,71.0,768305496,492799,47,71.0,71.0
643,2019-03-03,71.0,72.0,71.0,71.0,1195375122,768056,67,71.0,71.0
644,2019-03-04,71.0,72.0,70.0,71.0,2794850107,1798932,104,71.0,72.0
645,2019-03-05,72.0,72.0,71.0,71.0,1178620260,758430,55,71.0,71.0
646,2019-03-06,71.0,74.0,71.0,71.0,17895206571,11494580,376,71.0,73.0
647,2019-03-09,73.0,73.0,72.0,73.0,962911640,604073,91,71.0,72.0
648,2019-03-10,71.0,72.0,71.0,71.0,1759706895,1126709,88,73.0,71.0
649,2019-03-11,72.0,74.0,72.0,73.0,2848600993,1771161,155,71.0,73.0
650,2019-03-12,72.0,73.0,72.0,73.0,30308416260,18851005,627,73.0,73.0
651,2019-03-19,74.0,77.0,74.0,77.0,2586598885,1711651,109,73.0,77.0
652,2019-03-25,80.0,80.0,76.0,78.0,923545480,598007,83,77.0,78.0
653,2019-03-26,78.0,80.0,76.0,78.0,2326899773,1512299,118,78.0,78.0
654,2019-03-27,77.0,78.0,77.0,77.0,1832053391,1202482,88,78.0,77.0
655,2019-03-30,78.0,79.0,76.0,78.0,914548747,597220,87,77.0,78.0
656,2019-03-31,78.0,78.0,75.0,76.0,2405476423,1605151,156,78.0,76.0
657,2019-04-06,77.0,77.0,76.0,76.0,1178230595,781091,96,76.0,76.0
658,2019-04-07,77.0,80.0,76.0,79.0,5522130065,3532937,274,76.0,78.0
659,2019-04-08,79.0,80.0,79.0,79.0,1855581610,1182373,149,79.0,80.0
660,2019-04-09,81.0,83.0,79.0,82.0,4135028631,2562614,254,79.0,83.0
661,2019-04-10,83.0,86.0,82.0,86.0,29731979303,17579537,896,82.0,86.0
662,2019-04-13,90.0,90.0,83.0,85.0,3225305116,1916420,204,86.0,84.0
663,2019-04-14,85.0,86.0,83.0,84.0,1804378953,1086247,197,85.0,85.0
664,2019-04-15,86.0,88.0,86.0,88.0,15630416364,8973603,424,84.0,87.0
665,2019-04-16,86.0,86.0,84.0,85.0,3257423333,1947913,219,88.0,84.0
666,2019-04-17,82.0,84.0,81.0,82.0,1329362524,826338,155,85.0,83.0
667,2019-04-20,84.0,84.0,83.0,83.0,713638474,433896,82,82.0,84.0
668,2019-04-22,85.0,87.0,81.0,84.0,2472070840,1496131,251,83.0,82.0
669,2019-04-23,81.0,83.0,81.0,81.0,749539621,466673,71,84.0,82.0
670,2019-04-24,81.0,82.0,80.0,81.0,997983057,627548,140,81.0,80.0
671,2019-04-27,82.0,85.0,80.0,84.0,24553886790,14762396,473,81.0,85.0
672,2019-04-28,88.0,93.0,88.0,92.0,23878716551,13083922,647,84.0,92.0
673,2019-04-29,94.0,94.0,90.0,91.0,17689422931,9829110,750,92.0,90.0
674,2019-04-30,91.0,93.0,88.0,90.0,6300595330,3565119,417,91.0,88.0
675,2019-05-01,88.0,92.0,88.0,90.0,5541301827,3112462,223,90.0,92.0
676,2019-05-04,93.0,95.0,92.0,94.0,6012014319,3247504,585,90.0,94.0
677,2019-05-05,97.0,97.0,89.0,90.0,11649714281,6559125,501,94.0,91.0
678,2019-05-06,89.0,89.0,86.0,86.0,10764625061,6364529,297,90.0,86.0
679,2019-05-07,82.0,88.0,81.0,82.0,9279089762,5764241,295,86.0,82.0
680,2019-05-08,84.0,85.0,82.0,84.0,859733181,520134,66,82.0,84.0
681,2019-05-11,82.0,87.0,82.0,85.0,3379070923,2024115,151,84.0,87.0
682,2019-05-12,84.0,86.0,82.0,83.0,1180589010,720824,67,85.0,82.0
683,2019-05-13,83.0,84.0,82.0,83.0,749831439,459724,49,83.0,84.0
684,2019-05-14,83.0,86.0,83.0,85.0,3263700015,1955620,116,83.0,84.0
685,2019-05-15,86.0,89.0,84.0,86.0,1630394735,963588,81,85.0,86.0
686,2019-05-18,86.0,90.0,85.0,90.0,31496976478,17776993,644,86.0,90.0
687,2019-05-19,94.0,94.0,91.0,92.0,19007901303,10495157,614,90.0,91.0
688,2019-05-20,92.0,94.0,90.0,93.0,11867934486,6499282,703,92.0,93.0
689,2019-05-21,92.0,97.0,92.0,97.0,15596717648,8185522,368,93.0,97.0
690,2019-05-22,101.0,101.0,101.0,101.0,15101010000,7550505,229,97.0,101.0
691,2019-05-25,106.0,106.0,103.0,106.0,83607528782,39947766,2210,101.0,106.0
692,2019-05-26,109.0,111.0,104.0,109.0,34537928656,15981062,1123,106.0,108.0
693,2019-05-28,108.0,109.0,104.0,107.0,22410554333,10625315,1204,109.0,109.0
694,2019-05-29,109.0,110.0,106.0,108.0,12850718193,6002709,846,107.0,107.0
695,2019-06-01,107.0,109.0,104.0,107.0,9152810012,4320912,630,108.0,109.0
696,2019-06-02,109.0,113.0,109.0,112.0,29234977558,13174812,1346,107.0,113.0
697,2019-06-03,118.0,118.0,112.0,118.0,42802471721,18391164,715,112.0,118.0
698,2019-06-08,119.0,124.0,119.0,123.0,30330697003,12454883,799,118.0,124.0
699,2019-06-09,129.0,129.0,129.0,129.0,1485484100,582582,26,123.0,129.0
700,2019-06-11,136.0,142.0,132.0,142.0,42739467314,15272933,554,129.0,142.0
701,2019-06-12,149.0,149.0,145.0,149.0,86091910908,29336700,1124,142.0,149.0
702,2019-06-15,156.0,156.0,142.0,154.0,75023856539,24604150,1277,149.0,156.0
703,2019-06-16,161.0,162.0,147.0,157.0,42859305001,13849238,1163,154.0,152.0
704,2019-06-17,149.0,151.0,149.0,149.0,44803958336,15231778,644,157.0,149.0
705,2019-06-18,143.0,149.0,142.0,143.0,23565450479,8373462,723,149.0,142.0
706,2019-06-19,136.0,139.0,135.0,136.0,27970319185,10454525,574,143.0,135.0
707,2019-06-22,132.0,134.0,129.0,131.0,14859035252,5768619,507,136.0,132.0
708,2019-06-23,137.0,137.0,130.0,133.0,7368439842,2802351,373,131.0,133.0
709,2019-06-24,134.0,139.0,129.0,137.0,14952210203,5547302,677,133.0,138.0
710,2019-06-25,137.0,140.0,131.0,135.0,8849496195,3316704,408,137.0,131.0
711,2019-06-26,130.0,135.0,128.0,130.0,21494329081,8368182,669,135.0,131.0
712,2019-06-30,132.0,137.0,131.0,136.0,25113534816,9329486,404,130.0,137.0
713,2019-07-01,143.0,143.0,140.0,143.0,19786281954,7002018,275,136.0,143.0
714,2019-07-02,150.0,150.0,150.0,150.0,13043338479,4396137,131,143.0,150.0
715,2019-07-03,158.0,158.0,158.0,158.0,6030904775,1936085,80,150.0,158.0
716,2019-07-06,166.0,166.0,166.0,166.0,10836655740,3313962,124,158.0,166.0
717,2019-07-07,174.0,174.0,170.0,174.0,79872114457,23266781,729,166.0,174.0
718,2019-07-08,183.0,183.0,183.0,183.0,3174633856,880864,54,174.0,183.0
719,2019-07-09,192.0,192.0,192.0,192.0,10860375152,2870078,92,183.0,192.0
720,2019-07-10,201.0,201.0,201.0,201.0,5735383070,1443590,76,192.0,201.0
721,2019-07-13,211.0,211.0,211.0,211.0,394693388,94628,17,201.0,211.0
722,2019-07-16,201.0,201.0,191.0,191.0,8282899077,2195663,97,211.0,191.0
723,2019-07-17,182.0,201.0,182.0,194.0,288351454252,75107286,2882,191.0,201.0
724,2019-07-20,195.0,204.0,190.0,198.0,109652091068,28005935,1850,194.0,194.0
725,2019-07-21,199.0,208.0,199.0,208.0,245219151124,59799070,2041,198.0,208.0
726,2019-07-22,218.0,218.0,218.0,218.0,29769018586,6913381,204,208.0,218.0
727,2019-07-23,229.0,229.0,218.0,227.0,304493942159,67929218,4166,218.0,228.0
728,2019-07-24,227.0,232.0,216.0,219.0,125071003398,28938116,1859,227.0,216.0
729,2019-07-27,213.0,219.0,208.0,209.0,176144605549,42716525,2183,219.0,208.0
730,2019-07-28,213.0,219.0,198.0,206.0,74617236830,18390534,1721,209.0,203.0
731,2019-07-29,203.0,210.0,196.0,202.0,31391932352,7884788,786,206.0,202.0
732,2019-07-30,203.0,212.0,199.0,210.0,46439686642,11213375,836,202.0,212.0
733,2019-07-31,217.0,220.0,214.0,220.0,60083721218,13852234,1149,210.0,220.0
734,2019-08-03,224.0,226.0,209.0,214.0,39659428209,9407764,1180,220.0,211.0
735,2019-08-04,212.0,213.0,203.0,204.0,52148575655,12951258,1408,214.0,203.0
736,2019-08-05,208.0,214.0,198.0,208.0,41821676169,10165058,746,204.0,214.0
737,2019-08-06,219.0,219.0,213.0,219.0,77919934059,18053244,1020,208.0,219.0
738,2019-08-07,223.0,230.0,219.0,228.0,101004648548,22433550,1288,219.0,230.0
739,2019-08-10,238.0,239.0,230.0,238.0,52915465361,11253368,739,228.0,239.0
740,2019-08-11,250.0,250.0,250.0,250.0,32926427903,6669319,187,238.0,250.0
741,2019-08-13,263.0,263.0,252.0,260.0,153537911645,29958436,2370,250.0,259.0
742,2019-08-14,259.0,266.0,248.0,258.0,68237953704,13418715,1888,260.0,265.0
743,2019-08-17,268.0,270.0,263.0,270.0,169018807608,31731831,2278,258.0,265.0
744,2019-08-18,265.0,269.0,257.0,261.0,50881806702,9878079,1222,270.0,262.0
745,2019-08-19,264.0,274.0,264.0,273.0,69250049595,12866235,1335,261.0,274.0
746,2019-08-21,276.0,283.0,269.0,277.0,74188824322,13571594,1519,273.0,279.0
747,2019-08-24,279.0,284.0,266.0,273.0,46911326166,8707196,1558,277.0,268.0
748,2019-08-25,274.0,274.0,259.0,260.0,117158854319,22817054,1944,273.0,260.0
749,2019-08-26,258.0,268.0,258.0,265.0,49041702101,9389054,1410,260.0,262.0
750,2019-08-27,269.0,269.0,253.0,257.0,66048112183,13009060,1545,265.0,255.0
751,2019-08-28,257.0,260.0,256.0,257.0,55080520452,10847250,1339,257.0,260.0
752,2019-08-31,264.0,270.0,257.0,270.0,201801210992,37914149,2037,257.0,270.0
753,2019-09-01,273.0,283.0,270.0,277.0,42270817334,7719500,982,270.0,272.0
754,2019-09-02,274.0,276.0,264.0,265.0,81594976459,15621357,1255,277.0,267.0
755,2019-09-03,265.0,278.0,261.0,277.0,102753219530,18809042,1283,265.0,278.0
756,2019-09-04,281.0,286.0,274.0,280.0,36123509063,6542377,849,277.0,276.0
757,2019-09-07,279.0,294.0,273.0,287.0,72897318137,12866507,1527,280.0,290.0
758,2019-09-08,287.0,289.0,276.0,283.0,40850136204,7310818,1227,287.0,278.0
759,2019-09-11,282.0,287.0,277.0,282.0,32106064867,5764286,980,283.0,281.0
760,2019-09-14,284.0,284.0,268.0,272.0,66311178589,12329730,1711,282.0,273.0
761,2019-09-15,272.0,283.0,260.0,270.0,73938042003,13864712,1682,272.0,277.0
762,2019-09-16,276.0,284.0,272.0,283.0,59330909935,10620425,740,270.0,284.0
763,2019-09-17,284.0,293.0,269.0,277.0,43741112634,8007245,1167,283.0,271.0
764,2019-09-18,278.0,279.0,263.0,265.0,32977531517,6295847,733,277.0,266.0
765,2019-09-21,273.0,274.0,262.0,270.0,27746478612,5210749,979,265.0,274.0
766,2019-09-22,263.0,283.0,263.0,282.0,83153707207,14962645,1092,270.0,283.0
767,2019-09-23,289.0,296.0,284.0,294.0,51766290246,8922669,1211,282.0,296.0
768,2019-09-24,297.0,309.0,288.0,301.0,54027169467,9091233,1416,294.0,297.0
769,2019-09-25,297.0,307.0,291.0,298.0,29114872781,4943951,1021,301.0,296.0
770,2019-09-28,301.0,313.0,297.0,306.0,36416345228,6035340,1046,298.0,309.0
771,2019-09-29,304.0,309.0,291.0,300.0,32827850474,5548516,1014,306.0,301.0
772,2019-09-30,291.0,309.0,291.0,301.0,40567150241,6835450,949,300.0,297.0
773,2019-10-01,304.0,306.0,286.0,290.0,59201726200,10338611,1316,301.0,286.0
774,2019-10-02,286.0,298.0,276.0,288.0,33914597412,5972250,818,290.0,287.0
775,2019-10-05,300.0,302.0,277.0,300.0,64689146844,10935345,1104,288.0,289.0
776,2019-10-06,287.0,291.0,285.0,285.0,32105263568,5705637,595,300.0,287.0
777,2019-10-07,286.0,294.0,277.0,284.0,33177465870,5926491,958,285.0,281.0
778,2019-10-08,287.0,289.0,269.0,277.0,40172115700,7346816,835,284.0,277.0
779,2019-10-09,270.0,284.0,265.0,273.0,12489420407,2319303,472,277.0,279.0
780,2019-10-12,284.0,286.0,266.0,280.0,36472359807,6592228,588,273.0,286.0
781,2019-10-13,291.0,294.0,285.0,293.0,46582974428,8063127,863,280.0,294.0
782,2019-10-14,294.0,301.0,278.0,288.0,24550841776,4318587,586,293.0,294.0
783,2019-10-15,289.0,289.0,274.0,275.0,9550907450,1757448,294,288.0,274.0
784,2019-10-16,264.0,287.0,262.0,274.0,34438281690,6375783,696,275.0,273.0
785,2019-10-20,283.0,284.0,260.0,263.0,25454590612,4906467,399,274.0,260.0
786,2019-10-21,250.0,260.0,250.0,251.0,28154984295,5675829,622,263.0,256.0
787,2019-10-22,249.0,263.0,240.0,252.0,24654713596,4948097,577,251.0,253.0
788,2019-10-23,247.0,251.0,240.0,241.0,19288873604,4059182,406,252.0,242.0
789,2019-10-26,232.0,241.0,232.0,237.0,6088680002,1300125,564,241.0,239.0
790,2019-10-28,245.0,249.0,239.0,248.0,15505748909,3172344,491,237.0,249.0
791,2019-10-30,260.0,260.0,258.0,260.0,17033159832,3319335,164,248.0,260.0
792,2019-11-02,273.0,273.0,260.0,270.0,19468360273,3649813,735,260.0,271.0
793,2019-11-03,271.0,281.0,271.0,277.0,11525881901,2104283,448,270.0,275.0
794,2019-11-04,271.0,281.0,267.0,274.0,7452947020,1377892,969,277.0,269.0
795,2019-11-05,265.0,281.0,265.0,274.0,9781235358,1811497,385,274.0,281.0
796,2019-11-09,284.0,287.0,280.0,286.0,28026926056,4958683,874,274.0,287.0
797,2019-11-10,286.0,293.0,276.0,285.0,15531290131,2764566,953,286.0,283.0
798,2019-11-11,276.0,281.0,271.0,276.0,8550998838,1567413,845,285.0,279.0
799,2019-11-12,271.0,281.0,269.0,277.0,12904550970,2363200,1752,276.0,276.0
800,2019-11-13,280.0,284.0,270.0,278.0,15640554163,2848851,1420,277.0,278.0
801,2019-11-16,283.0,283.0,270.0,277.0,10886113968,1992634,280,278.0,271.0
802,2019-11-17,263.0,277.0,263.0,263.0,14614959498,2810325,336,277.0,263.0
803,2019-11-18,251.0,266.0,251.0,256.0,5929074062,1171495,246,263.0,258.0
804,2019-11-19,260.0,265.0,258.0,261.0,9331317787,1813181,358,256.0,261.0
805,2019-11-20,264.0,274.0,257.0,268.0,11114549228,2103916,694,261.0,270.0
806,2019-11-23,277.0,277.0,259.0,265.0,5055402164,967399,313,268.0,265.0
807,2019-11-24,273.0,273.0,260.0,263.0,14999754438,2892337,509,265.0,263.0
808,2019-11-25,261.0,276.0,261.0,274.0,15966770648,2952826,220,263.0,276.0
809,2019-11-26,288.0,288.0,288.0,288.0,9655305352,1700776,98,274.0,288.0
810,2019-11-27,302.0,302.0,302.0,302.0,16687302680,2799883,156,288.0,302.0
811,2019-11-30,317.0,317.0,317.0,317.0,22065251166,3525927,178,302.0,317.0
812,2019-12-01,333.0,333.0,333.0,333.0,8958707460,1363578,118,317.0,333.0
813,2019-12-02,349.0,349.0,325.0,342.0,177369209674,26307626,3318,333.0,336.0
814,2019-12-03,329.0,349.0,329.0,344.0,53516823841,7872871,1425,342.0,347.0
815,2019-12-04,347.0,349.0,334.0,344.0,38476642000,5672668,1072,344.0,346.0
816,2019-12-09,370.0,370.0,357.0,364.0,80503689852,11194844,1573,344.0,360.0
817,2019-12-10,369.0,369.0,346.0,350.0,43802486773,6343249,1403,364.0,346.0
818,2019-12-11,335.0,350.0,334.0,344.0,53156451133,7819257,1453,350.0,346.0
819,2019-12-14,351.0,362.0,346.0,358.0,76280920050,10794915,1612,344.0,358.0
820,2019-12-15,364.0,367.0,340.0,350.0,29481220418,4262018,1165,358.0,347.0
821,2019-12-16,335.0,357.0,335.0,350.0,31452466678,4553459,1229,350.0,355.0
822,2019-12-17,355.0,355.0,340.0,345.0,21605400006,3169354,716,350.0,344.0
823,2019-12-18,352.0,352.0,339.0,344.0,22279591955,3278483,762,345.0,346.0
824,2019-12-21,350.0,360.0,346.0,353.0,28864900023,4148274,845,344.0,350.0
825,2019-12-22,354.0,354.0,342.0,345.0,21355964984,3132122,1243,353.0,343.0
826,2019-12-23,351.0,351.0,328.0,334.0,40043162483,6067238,893,345.0,330.0
827,2019-12-24,336.0,345.0,322.0,335.0,23031102145,3482997,917,334.0,334.0
828,2019-12-25,334.0,336.0,324.0,329.0,15904275874,2447381,648,335.0,328.0
829,2019-12-28,329.0,345.0,329.0,341.0,25593447183,3799829,894,329.0,343.0
830,2019-12-29,346.0,358.0,332.0,355.0,124861280347,17822232,1302,341.0,358.0
831,2019-12-30,406.0,406.0,406.0,406.0,27942476256,3491064,137,355.0,406.0
832,2019-12-31,426.0,426.0,391.0,421.0,229316970701,27611585,2611,406.0,422.0
833,2020-01-01,415.0,442.0,402.0,435.0,208712892798,24292430,2675,421.0,441.0
834,2020-01-04,414.0,414.0,414.0,414.0,41734276245,5112615,533,435.0,414.0
835,2020-01-05,398.0,426.0,398.0,408.0,198826467992,24673700,2189,414.0,410.0
836,2020-01-07,408.0,411.0,388.0,390.0,135509508733,17597839,841,408.0,388.0
837,2020-01-08,382.0,382.0,382.0,382.0,14196893480,1881380,96,390.0,382.0
838,2020-01-11,390.0,390.0,390.0,390.0,208006410560,27027860,797,382.0,390.0
839,2020-01-12,409.0,409.0,398.0,409.0,86690393472,10732668,581,390.0,409.0
840,2020-01-13,428.0,430.0,415.0,428.0,78654089409,9302962,469,409.0,430.0
841,2020-01-14,450.0,450.0,433.0,448.0,175911077708,19876176,1716,428.0,450.0
842,2020-01-15,451.0,471.0,441.0,459.0,108437152404,11974655,1067,448.0,471.0
843,2020-01-18,481.0,482.0,466.0,479.0,126710222166,13394153,1106,459.0,471.0
844,2020-01-19,475.0,481.0,455.0,469.0,102964464876,11126826,1499,479.0,465.0
845,2020-01-20,473.0,473.0,445.0,451.0,89806263696,10087770,1713,469.0,461.0
846,2020-01-21,469.0,473.0,431.0,463.0,57623125503,6300813,994,451.0,455.0
847,2020-01-22,454.0,456.0,440.0,447.0,31006060216,3513337,900,463.0,450.0
848,2020-01-25,464.0,469.0,448.0,462.0,88608820568,9713956,1460,447.0,469.0
849,2020-01-26,485.0,485.0,485.0,485.0,33625060168,3510656,152,462.0,485.0
850,2020-02-03,512.0,538.0,504.0,524.0,64208400258,6208820,807,485.0,516.0
851,2020-02-04,521.0,521.0,498.0,505.0,95921090429,9619858,1443,524.0,517.0
852,2020-02-05,521.0,530.0,512.0,525.0,81596979759,7880914,1212,505.0,524.0
853,2020-02-08,538.0,551.0,507.0,539.0,77834529242,7317054,1930,525.0,532.0
854,2020-02-09,550.0,566.0,540.0,564.0,74913435218,6731421,638,539.0,566.0
855,2020-02-10,583.0,583.0,536.0,562.0,62458115985,5628940,1123,564.0,570.0
856,2020-02-12,573.0,583.0,569.0,579.0,35761715056,3129747,888,562.0,581.0
857,2020-02-15,608.0,608.0,579.0,591.0,59584485349,5105880,1089,579.0,594.0
858,2020-02-16,591.0,621.0,591.0,616.0,87824528615,7221181,1174,591.0,621.0
859,2020-02-17,643.0,643.0,596.0,619.0,100310966121,8203812,1280,616.0,620.0
860,2020-02-18,619.0,619.0,588.0,597.0,42174105880,3576923,797,619.0,603.0
861,2020-02-19,623.0,627.0,585.0,622.0,114041421245,9283479,895,597.0,627.0
862,2020-02-22,592.0,653.0,592.0,645.0,99365044871,7803406,1326,622.0,653.0
863,2020-02-23,658.0,677.0,653.0,664.0,118297454702,9027210,1291,645.0,668.0
864,2020-02-24,669.0,672.0,633.0,657.0,56151157062,4332468,1081,664.0,659.0
865,2020-02-25,639.0,689.0,639.0,680.0,94793618313,7066058,1228,657.0,689.0
866,2020-02-26,701.0,701.0,646.0,659.0,77830883464,5984397,1779,680.0,649.0
867,2020-02-29,626.0,645.0,626.0,626.0,64917911467,5251076,771,659.0,626.0
868,2020-03-01,633.0,658.0,613.0,655.0,118714625489,9184743,880,626.0,658.0
869,2020-03-02,679.0,688.0,653.0,682.0,122160037195,9079312,1004,655.0,688.0
870,2020-03-03,716.0,716.0,669.0,686.0,96909713954,7161748,1420,682.0,674.0
871,2020-03-04,694.0,704.0,656.0,678.0,101249225273,7570472,1748,686.0,683.0
872,2020-03-07,689.0,689.0,644.0,647.0,62680887974,4911864,834,678.0,644.0
873,2020-03-09,614.0,614.0,614.0,635.0,16201225692,1336404,214,647.0,614.0
874,2020-03-10,603.0,603.0,603.0,616.0,26075305998,2189914,208,635.0,603.0
875,2020-03-11,588.0,647.0,588.0,631.0,77667661258,6239777,1063,616.0,633.0
876,2020-03-14,608.0,608.0,599.0,599.0,49005637194,4142269,322,631.0,599.0
877,2020-03-15,569.0,569.0,569.0,592.0,11407217480,1014877,88,599.0,569.0
878,2020-03-16,570.0,608.0,562.0,574.0,47817818284,4222269,829,592.0,588.0
879,2020-03-17,574.0,584.0,545.0,565.0,34708962634,3123867,871,574.0,582.0
880,2020-03-18,577.0,594.0,577.0,591.0,45932100242,3936189,626,565.0,593.0
881,2020-03-24,616.0,620.0,591.0,606.0,33912439390,2801045,512,591.0,620.0
882,2020-03-25,636.0,636.0,631.0,628.0,40422493130,3221208,448,606.0,636.0
883,2020-03-28,659.0,660.0,637.0,657.0,52838768079,4075056,792,628.0,660.0
884,2020-03-29,684.0,690.0,669.0,683.0,73600326166,5457906,2112,657.0,684.0
885,2020-03-30,674.0,717.0,671.0,713.0,122601442293,8714811,1275,683.0,717.0
886,2020-04-04,740.0,748.0,727.0,746.0,55602535369,3777042,541,713.0,748.0
887,2020-04-05,783.0,783.0,709.0,772.0,98582880376,6471972,1071,746.0,783.0
888,2020-04-06,810.0,810.0,772.0,805.0,72423628825,4560370,898,772.0,810.0
889,2020-04-07,844.0,845.0,821.0,844.0,62304435946,3737836,525,805.0,845.0
890,2020-04-08,887.0,887.0,882.0,887.0,81373898487,4649410,585,844.0,887.0
891,2020-04-11,931.0,931.0,916.0,908.0,25756244693,1404537,256,887.0,925.0
892,2020-04-13,953.0,1000.0,953.0,980.0,134998366332,6977822,983,908.0,977.0
893,2020-04-14,977.0,1011.0,931.0,969.0,165230744698,8636498,2764,980.0,972.0
894,2020-04-19,1077.0,1077.0,1077.0,983.0,6779683200,321312,74,969.0,1077.0
895,2020-04-20,1032.0,1032.0,1016.0,1031.0,223757064161,11076942,1274,983.0,1032.0
896,2020-04-21,1083.0,1083.0,1072.0,1083.0,222566155419,10495516,1638,1031.0,1083.0
897,2020-04-22,1137.0,1137.0,1137.0,1137.0,73393790382,3296227,137,1083.0,1137.0
898,2020-04-25,1194.0,1194.0,1194.0,1194.0,82636862898,3534662,452,1137.0,1194.0
899,2020-04-26,1253.0,1253.0,1134.0,1217.0,403824425444,16945093,4921,1194.0,1192.0
900,2020-04-27,1213.0,1226.0,1156.0,1168.0,274509663977,11998164,3678,1217.0,1156.0
901,2020-04-28,1126.0,1169.0,1110.0,1130.0,270897924468,12239033,4093,1168.0,1119.0
902,2020-04-29,1131.0,1187.0,1131.0,1184.0,149749051697,6458971,1422,1130.0,1187.0
903,2020-05-02,1243.0,1243.0,1215.0,1242.0,236692145484,9727453,2686,1184.0,1243.0
904,2020-05-03,1305.0,1305.0,1305.0,1305.0,214246396632,8386034,1346,1242.0,1305.0
905,2020-05-04,1239.0,1368.0,1239.0,1295.0,330829839775,13043971,3504,1305.0,1328.0
906,2020-05-05,1360.0,1360.0,1230.0,1320.0,505759562766,19561555,3340,1295.0,1360.0
907,2020-05-06,1384.0,1386.0,1322.0,1384.0,293798784677,10836210,1950,1320.0,1386.0
908,2020-05-09,1454.0,1454.0,1454.0,1454.0,248253100868,8720430,1327,1384.0,1454.0
909,2020-05-10,1526.0,1526.0,1526.0,1482.0,21303046681,712691,128,1454.0,1526.0
910,2020-05-12,1408.0,1408.0,1337.0,1348.0,280272421426,10618482,2589,1482.0,1353.0
911,2020-05-16,1364.0,1366.0,1295.0,1302.0,193932004651,7606228,1534,1348.0,1295.0
912,2020-05-17,1277.0,1367.0,1277.0,1360.0,101366714192,3807135,563,1302.0,1367.0
913,2020-05-18,1428.0,1428.0,1428.0,1428.0,65639933188,2347973,288,1360.0,1428.0
914,2020-05-19,1499.0,1499.0,1499.0,1499.0,66217109817,2255889,492,1428.0,1499.0
915,2020-05-20,1574.0,1574.0,1453.0,1548.0,430017973530,14188401,4047,1499.0,1574.0
916,2020-05-23,1570.0,1625.0,1471.0,1598.0,207213275341,6623301,2690,1548.0,1594.0
917,2020-05-26,1582.0,1606.0,1518.0,1542.0,84026840240,2782344,1561,1598.0,1518.0
918,2020-05-27,1465.0,1582.0,1465.0,1525.0,126953244311,4251647,2233,1542.0,1568.0
919,2020-05-30,1600.0,1601.0,1550.0,1577.0,107336666993,3475717,1545,1525.0,1601.0
920,2020-05-31,1654.0,1655.0,1498.0,1564.0,122593743362,4003416,1740,1577.0,1532.0
921,2020-06-01,1532.0,1549.0,1485.0,1489.0,281526039636,9654472,1796,1564.0,1485.0
922,2020-06-02,1455.0,1563.0,1455.0,1554.0,207277692982,6809864,1582,1489.0,1563.0
923,2020-06-06,1629.0,1632.0,1593.0,1622.0,131798901607,4149890,1457,1554.0,1632.0
924,2020-06-07,1700.0,1700.0,1541.0,1641.0,139041372001,4327276,2232,1622.0,1588.0
925,2020-06-08,1565.0,1614.0,1559.0,1564.0,176306415721,5756199,1746,1641.0,1559.0
926,2020-06-09,1501.0,1557.0,1486.0,1495.0,135487328051,4626999,1248,1564.0,1486.0
927,2020-06-10,1486.0,1570.0,1485.0,1541.0,198090788986,6562788,2098,1495.0,1542.0
928,2020-06-13,1570.0,1570.0,1464.0,1506.0,230225162651,7803595,3317,1541.0,1481.0
929,2020-06-14,1501.0,1501.0,1431.0,1440.0,209882769226,7443491,2323,1506.0,1454.0
930,2020-06-15,1420.0,1481.0,1368.0,1422.0,146507355812,5260379,2271,1440.0,1400.0
931,2020-06-16,1389.0,1493.0,1389.0,1492.0,461302411427,15784177,1978,1422.0,1493.0
932,2020-06-20,1567.0,1567.0,1501.0,1567.0,567236262404,18486623,4996,1492.0,1567.0
933,2020-06-21,1582.0,1582.0,1506.0,1549.0,224944524034,7415239,4037,1567.0,1532.0
934,2020-06-22,1557.0,1626.0,1530.0,1599.0,310608362335,9921253,3906,1549.0,1626.0
935,2020-06-23,1678.0,1678.0,1532.0,1633.0,259385235295,8110410,4007,1599.0,1557.0
936,2020-06-24,1575.0,1617.0,1551.0,1559.0,288766599215,9458501,2222,1633.0,1551.0
937,2020-06-27,1593.0,1637.0,1557.0,1630.0,607341021790,19028984,3441,1559.0,1637.0
938,2020-06-28,1711.0,1711.0,1637.0,1710.0,539022914422,16093667,1968,1630.0,1711.0
939,2020-06-29,1796.0,1796.0,1796.0,1796.0,297877536957,8470371,1375,1710.0,1796.0
940,2020-06-30,1886.0,1886.0,1886.0,1886.0,190095734150,5148158,421,1796.0,1886.0
941,2020-07-01,1980.0,1980.0,1980.0,1980.0,194472195549,5015919,563,1886.0,1980.0
942,2020-07-04,2079.0,2079.0,1940.0,2072.0,892328315722,21990557,4467,1980.0,2079.0
943,2020-07-05,2176.0,2176.0,2148.0,2175.0,506203117093,11882378,3443,2072.0,2176.0
944,2020-07-08,2284.0,2284.0,2099.0,2233.0,888587634082,20319271,5282,2175.0,2221.0
945,2020-07-11,2232.0,2345.0,2121.0,2260.0,513144304324,11596137,4346,2233.0,2345.0
946,2020-07-12,2373.0,2373.0,2373.0,2373.0,235046977937,5058799,1231,2260.0,2373.0
947,2020-07-13,2491.0,2491.0,2254.0,2485.0,825412297143,16959834,4536,2373.0,2491.0
948,2020-07-14,2596.0,2609.0,2361.0,2517.0,1053980809542,21378456,11446,2485.0,2361.0
949,2020-07-15,2392.0,2392.0,2392.0,2392.0,150518024100,3213725,1482,2517.0,2392.0
950,2020-07-18,2272.0,2272.0,2272.0,2272.0,108735368170,2443766,1306,2392.0,2272.0
951,2020-07-19,2196.0,2386.0,2196.0,2321.0,848878473863,18672393,5415,2272.0,2386.0
952,2020-07-20,2437.0,2437.0,2239.0,2366.0,650954069830,14050095,7792,2321.0,2283.0
953,2020-07-21,2248.0,2328.0,2248.0,2252.0,374929820574,8501706,3803,2366.0,2248.0
954,2020-07-22,2179.0,2221.0,2139.0,2151.0,176761807459,4196891,2293,2252.0,2139.0
955,2020-07-25,2196.0,2257.0,2044.0,2155.0,460332089307,10906882,5733,2151.0,2205.0
956,2020-07-26,2257.0,2257.0,2074.0,2153.0,284659749126,6751385,4381,2155.0,2083.0
957,2020-07-27,2247.0,2261.0,2134.0,2250.0,352745470395,8006984,2181,2153.0,2261.0
958,2020-07-28,2362.0,2362.0,2362.0,2362.0,182217655965,3939245,1335,2250.0,2362.0
959,2020-07-29,2400.0,2480.0,2244.0,2392.0,532854951643,11374527,5565,2362.0,2435.0
960,2020-08-02,2655.0,2655.0,2523.0,2550.0,144273206998,2888913,1095,2392.0,2523.0
961,2020-08-03,2423.0,2423.0,2423.0,2423.0,160865217315,3390705,1495,2550.0,2423.0
962,2020-08-04,2301.0,2301.0,2301.0,2301.0,115775770682,2568742,1158,2423.0,2301.0
963,2020-08-05,2186.0,2303.0,2186.0,2200.0,621466299179,14424824,5108,2301.0,2202.0
964,2020-08-09,2267.0,2310.0,2191.0,2295.0,458888970784,10208572,3027,2200.0,2310.0
965,2020-08-10,2349.0,2349.0,2181.0,2208.0,230914926323,5340465,2388,2295.0,2181.0
966,2020-08-11,2098.0,2160.0,2098.0,2099.0,159759006433,3887048,1257,2208.0,2098.0
967,2020-08-12,2094.0,2196.0,1994.0,2011.0,320614859163,8141510,2255,2099.0,1994.0
968,2020-08-15,1956.0,1997.0,1910.0,1920.0,156506435924,4162241,923,2011.0,1910.0
969,2020-08-16,1824.0,1889.0,1824.0,1824.0,122810006450,3437125,1045,1920.0,1824.0
970,2020-08-17,1838.0,1916.0,1824.0,1893.0,337873112254,9115772,2870,1824.0,1916.0
971,2020-08-18,1987.0,1987.0,1987.0,1987.0,405913687564,10429973,1269,1893.0,1987.0
972,2020-08-19,1889.0,2087.0,1888.0,2001.0,503074973093,12835520,2834,1987.0,2087.0
973,2020-08-22,2101.0,2101.0,2101.0,2101.0,396540883963,9635771,948,2001.0,2101.0
974,2020-08-23,2206.0,2206.0,1996.0,2080.0,531219738027,13041435,2719,2101.0,1997.0
975,2020-08-24,2040.0,2175.0,1976.0,2008.0,517690548991,13161919,2568,2080.0,2002.0
976,2020-08-25,2109.0,2109.0,2109.0,2109.0,361895199960,8763020,953,2008.0,2109.0
977,2020-08-26,2214.0,2214.0,2214.0,2214.0,271506870162,6261401,328,2109.0,2214.0
978,2020-08-31,2325.0,2325.0,2214.0,2315.0,1329020074802,29316827,4791,2214.0,2325.0
979,2020-09-01,2318.0,2431.0,2226.0,2396.0,696488339638,14841661,3994,2315.0,2431.0
980,2020-09-02,2396.0,2516.0,2280.0,2388.0,526815421710,11262839,3370,2396.0,2441.0
981,2020-09-05,2451.0,2508.0,2412.0,2505.0,351920494645,7173649,1661,2388.0,2508.0
982,2020-09-06,2630.0,2630.0,2604.0,2630.0,497785884726,9664079,1615,2505.0,2630.0
983,2020-09-07,2630.0,2630.0,2499.0,2512.0,615784416626,12519445,2418,2630.0,2506.0
984,2020-09-08,2386.0,2386.0,2386.0,2386.0,158886098462,3400306,365,2512.0,2386.0
985,2020-09-09,2267.0,2395.0,2267.0,2299.0,653845467755,14519685,3464,2386.0,2380.0
986,2020-09-12,2414.0,2414.0,2185.0,2330.0,539632558557,11824962,3447,2299.0,2254.0
987,2020-09-13,2338.0,2425.0,2214.0,2268.0,422784060647,9517667,2576,2330.0,2214.0
988,2020-09-14,2272.0,2351.0,2155.0,2249.0,309411691395,7026168,2453,2268.0,2272.0
989,2020-09-15,2272.0,2361.0,2196.0,2327.0,345733157572,7588150,2685,2249.0,2333.0
990,2020-09-16,2298.0,2327.0,2210.0,2227.0,307822798064,7058081,1501,2327.0,2210.0
991,2020-09-19,2227.0,2298.0,2116.0,2213.0,509760425776,11761009,3347,2227.0,2277.0
992,2020-09-20,2267.0,2267.0,2103.0,2133.0,216503188021,5182235,1754,2213.0,2103.0
993,2020-09-21,2028.0,2093.0,2027.0,2057.0,46524574882,1170544,352,2133.0,2027.0
994,2020-09-22,1961.0,2043.0,1955.0,1960.0,245920606282,6405683,869,2057.0,1985.0
995,2020-09-23,1946.0,2058.0,1943.0,2035.0,171278100988,4297943,1601,1960.0,2043.0
996,2020-09-26,2132.0,2132.0,1940.0,1998.0,76932975272,1966006,1037,2035.0,1941.0
997,2020-09-27,1946.0,1988.0,1898.0,1968.0,20646453832,551606,172,1998.0,1898.0
998,2020-09-28,1870.0,1870.0,1870.0,1965.0,1723316316,47062,52,1968.0,1870.0
999,2020-09-29,1867.0,2042.0,1867.0,1891.0,253350598323,6842802,1546,1965.0,1968.0
1000,2020-09-30,1894.0,1966.0,1879.0,1918.0,92647027985,2466501,1050,1891.0,1963.0
1001,2020-10-03,1986.0,2014.0,1963.0,2010.0,259193026422,6584896,1214,1918.0,2014.0
1002,2020-10-04,2022.0,2068.0,1909.0,1963.0,193202119624,5025899,1381,2010.0,1966.0
1003,2020-10-05,1986.0,2039.0,1915.0,1952.0,76215839220,1993371,837,1963.0,1985.0
1004,2020-10-06,2050.0,2050.0,2015.0,2050.0,74600073398,1858292,233,1952.0,2050.0
1005,2020-10-07,2145.0,2145.0,1947.0,2039.0,291111548234,7291664,1837,2050.0,2043.0
1006,2020-10-10,1956.0,2069.0,1942.0,2007.0,143032183051,3638817,1414,2039.0,2050.0
1007,2020-10-11,2042.0,2062.0,1958.0,2025.0,178416028197,4498633,1573,2007.0,1991.0
1008,2020-10-12,2035.0,2043.0,1924.0,1963.0,91401819707,2377197,1019,2025.0,1924.0
1009,2020-10-13,1985.0,2042.0,1894.0,1996.0,167130056072,4276317,1616,1963.0,1974.0
1010,2020-10-14,1928.0,2095.0,1928.0,2059.0,332529100350,8246745,1689,1996.0,2095.0
1011,2020-10-18,2162.0,2162.0,2096.0,2158.0,807280494949,19104098,3127,2059.0,2162.0
1012,2020-10-19,2242.0,2242.0,2050.0,2088.0,328344601799,8031092,1964,2158.0,2050.0
1013,2020-10-20,2042.0,2050.0,1983.0,1997.0,201100509147,5141221,1098,2088.0,2012.0
1014,2020-11-11,2119.0,2119.0,2119.0,2119.0,109192801140,2631786,107,1997.0,2119.0
1015,2020-11-14,2018.0,2145.0,2013.0,2048.0,442595277532,11036155,3453,2119.0,2013.0
1016,2020-11-15,2043.0,2150.0,1945.0,2072.0,707811644217,17444258,2764,2048.0,2150.0
1017,2020-11-16,2175.0,2175.0,2175.0,2175.0,125290695280,2940820,274,2072.0,2175.0
1018,2020-11-17,2284.0,2284.0,2284.0,2284.0,306539556064,6852496,319,2175.0,2284.0
1019,2020-11-18,2398.0,2398.0,2398.0,2398.0,132432666520,2819516,347,2284.0,2398.0
1020,2020-11-21,2279.0,2279.0,2279.0,2279.0,330308197164,7402362,1446,2398.0,2279.0
1021,2020-11-22,2165.0,2282.0,2165.0,2193.0,915438390084,21312865,4198,2279.0,2186.0
1022,2020-11-23,2196.0,2282.0,2127.0,2189.0,283699511209,6617010,3017,2193.0,2144.0
1023,2020-11-24,2104.0,2189.0,2080.0,2096.0,281969135597,6869044,2248,2189.0,2080.0
1024,2020-11-25,2043.0,2144.0,1994.0,2055.0,260234825078,6464988,2892,2096.0,2066.0
1025,2020-11-28,2056.0,2119.0,2008.0,2060.0,200394661827,4968058,2912,2055.0,2071.0
1026,2020-11-29,2142.0,2163.0,2094.0,2158.0,554469394963,13117654,2889,2060.0,2163.0
1027,2020-11-30,2257.0,2257.0,2170.0,2216.0,441880033576,10183773,4297,2158.0,2206.0
1028,2020-12-01,2201.0,2201.0,2105.0,2128.0,332703573464,7984345,3353,2216.0,2119.0
1029,2020-12-02,2129.0,2173.0,2025.0,2122.0,214745003986,5167852,2352,2128.0,2129.0
1030,2020-12-05,2155.0,2228.0,2131.0,2217.0,451396869900,10396357,2747,2122.0,2228.0
1031,2020-12-06,2247.0,2328.0,2234.0,2315.0,765694304927,16886339,6010,2217.0,2328.0
1032,2020-12-07,2369.0,2410.0,2200.0,2293.0,435480500693,9696218,4651,2315.0,2247.0
1033,2020-12-08,2179.0,2258.0,2179.0,2193.0,352417975891,8206811,3405,2293.0,2179.0
1034,2020-12-09,2111.0,2266.0,2111.0,2224.0,374601305827,8602191,3560,2193.0,2250.0
1035,2020-12-12,2297.0,2335.0,2242.0,2311.0,399364546067,8822735,4634,2224.0,2271.0
1036,2020-12-13,2298.0,2375.0,2238.0,2341.0,299696796441,6537860,3661,2311.0,2349.0
1037,2020-12-14,2373.0,2449.0,2247.0,2359.0,421052877395,9114496,4077,2341.0,2272.0
1038,2020-12-15,2241.0,2272.0,2241.0,2241.0,73636526707,1677566,438,2359.0,2241.0
1039,2020-12-16,2132.0,2244.0,2130.0,2184.0,271470010250,6345806,3639,2241.0,2240.0
1040,2020-12-19,2267.0,2293.0,2151.0,2269.0,177663773252,3997484,1889,2184.0,2285.0
1041,2020-12-20,2186.0,2349.0,2156.0,2187.0,301080503953,7029543,2897,2269.0,2214.0
1042,2020-12-21,2267.0,2296.0,2172.0,2240.0,298411030321,6801392,3224,2187.0,2210.0
1043,2020-12-22,2269.0,2269.0,2151.0,2205.0,224151437110,5190593,3379,2240.0,2206.0
1044,2020-12-23,2247.0,2247.0,2145.0,2170.0,214889876129,5055620,2765,2205.0,2180.0
1045,2020-12-26,2247.0,2279.0,2147.0,2247.0,520571237140,11829092,5143,2170.0,2279.0
1046,2020-12-27,2360.0,2360.0,2311.0,2354.0,659844260517,14315525,4925,2247.0,2346.0
1047,2020-12-28,2334.0,2400.0,2242.0,2304.0,300703779233,6665815,4199,2354.0,2298.0
1048,2020-12-29,2221.0,2303.0,2188.0,2213.0,263670834822,6084016,3063,2304.0,2207.0
1049,2020-12-30,2247.0,2272.0,2145.0,2182.0,164372007302,3846053,2186,2213.0,2161.0
1050,2021-01-02,2130.0,2244.0,2129.0,2184.0,199343140208,4661668,2492,2182.0,2182.0
1051,2021-01-03,2167.0,2257.0,2160.0,2197.0,202897968512,4716192,2182,2184.0,2190.0
1052,2021-01-04,2247.0,2307.0,2196.0,2279.0,289731082686,6490896,3433,2197.0,2227.0
1053,2021-01-05,2277.0,2318.0,2211.0,2244.0,207370414285,4719664,2175,2279.0,2231.0
1054,2021-01-06,2187.0,2221.0,2131.0,2148.0,170340311189,4048861,2297,2244.0,2186.0
1055,2021-01-09,2154.0,2246.0,2094.0,2157.0,228561451133,5410692,2416,2148.0,2196.0
1056,2021-01-10,2265.0,2265.0,2247.0,2264.0,1019697050940,23000399,5798,2157.0,2265.0
1057,2021-01-11,2298.0,2318.0,2151.0,2222.0,403510870424,9271217,4412,2264.0,2156.0
1058,2021-01-12,2119.0,2194.0,2111.0,2114.0,109841628335,2652981,998,2222.0,2111.0
1059,2021-01-13,2008.0,2008.0,2008.0,2008.0,168653374722,4287834,1080,2114.0,2008.0
1060,2021-01-16,1925.0,1991.0,1908.0,1913.0,105842904301,2824623,608,2008.0,1908.0
1061,2021-01-18,1818.0,1818.0,1818.0,1818.0,430369665637,12089375,1186,1913.0,1818.0
1062,2021-01-19,1727.0,1909.0,1727.0,1832.0,269897152665,7522671,2616,1818.0,1889.0
1063,2021-01-20,1894.0,1924.0,1864.0,1921.0,188207521691,5003912,1688,1832.0,1924.0
1064,2021-01-23,1991.0,2017.0,1948.0,2000.0,226682840764,5786259,2236,1921.0,2017.0
1065,2021-01-24,2099.0,2099.0,1900.0,1989.0,338963530585,8703191,3086,2000.0,1907.0
1066,2021-01-25,1907.0,2067.0,1900.0,2007.0,239594210541,6094460,2169,1989.0,1976.0
1067,2021-01-26,1976.0,2067.0,1907.0,1976.0,514185727318,13284568,2995,2007.0,2037.0
1068,2021-01-27,2037.0,2042.0,1940.0,2015.0,362345267452,9183193,4422,1976.0,1940.0
1069,2021-02-28,1975.0,1975.0,1975.0,2013.0,2133941698,912721,113,2015.0,1975.0
1070,2021-03-01,1973.0,1973.0,1973.0,2011.0,3765410080,1611905,103,2013.0,1973.0
1071,2021-03-02,1971.0,1971.0,1971.0,2009.0,2267312052,971844,114,2011.0,1971.0
1072,2021-03-03,1969.0,1969.0,1969.0,2001.0,11366429193,4876203,190,2009.0,1969.0
1073,2021-03-06,1962.0,1962.0,1962.0,1967.0,52739279496,22712868,312,2001.0,1962.0
1074,2021-03-07,1929.0,1929.0,1929.0,1967.0,1259862135,551845,94,1967.0,1929.0
1075,2021-03-08,1928.0,1939.0,1928.0,1928.0,452741386058,198395303,3542,1967.0,1928.0
1076,2021-03-14,1928.0,1953.0,1889.0,1902.0,173819546212,78243095,2087,1928.0,1889.0
1077,2021-03-15,1864.0,1925.0,1864.0,1877.0,125789484678,57354649,2030,1902.0,1864.0
1078,2021-03-16,1858.0,1989.0,1849.0,1947.0,111838888752,49177904,2418,1877.0,1942.0
1079,2021-03-17,1989.0,1989.0,1908.0,1912.0,105123528767,47081795,1498,1947.0,1908.0
1080,2021-03-27,1952.0,1952.0,1874.0,1906.0,9902842504,4518586,285,1912.0,1874.0
1081,2021-03-28,1868.0,1940.0,1868.0,1888.0,26461537116,12124739,528,1906.0,1868.0
1082,2021-03-30,1852.0,1899.0,1851.0,1868.0,37036902611,17081182,753,1888.0,1879.0
1083,2021-03-31,1868.0,1922.0,1831.0,1855.0,58190135423,26857969,1468,1868.0,1831.0
1084,2021-04-03,1819.0,1840.0,1818.0,1840.0,22444449252,10562937,412,1855.0,1818.0
1085,2021-04-04,1804.0,1804.0,1804.0,1832.0,13418543278,6368554,155,1840.0,1804.0
1086,2021-04-05,1796.0,1832.0,1796.0,1799.0,61749884870,29396823,816,1832.0,1796.0
1087,2021-04-06,1799.0,1864.0,1763.0,1793.0,166957375442,79684782,3231,1799.0,1822.0
1088,2021-04-07,1815.0,1900.0,1799.0,1871.0,123162618251,56352613,2769,1793.0,1900.0
1089,2021-04-10,1909.0,1977.0,1834.0,1888.0,261766025792,118734992,5638,1871.0,1858.0
1090,2021-04-11,1850.0,1900.0,1850.0,1863.0,168493063309,77448854,2668,1888.0,1892.0
1091,2021-04-12,1866.0,1926.0,1858.0,1887.0,82096781667,37253027,2079,1863.0,1909.0
1092,2021-04-13,1892.0,1935.0,1866.0,1895.0,79167606823,35758984,1938,1887.0,1910.0
1093,2021-04-14,1888.0,1924.0,1881.0,1905.0,54144444506,24324088,1448,1895.0,1899.0
1094,2021-04-17,1868.0,1918.0,1867.0,1893.0,23114244108,10560808,614,1905.0,1867.0
1095,2021-04-18,1855.0,1855.0,1855.0,1892.0,1115757962,514886,31,1893.0,1855.0
1096,2021-04-19,1854.0,1854.0,1854.0,1891.0,683632920,315620,35,1892.0,1854.0
1097,2021-04-20,1853.0,1853.0,1853.0,1889.0,2448599845,1130993,50,1891.0,1853.0
1098,2021-04-21,1833.0,1833.0,1833.0,1888.0,1636747398,764478,37,1889.0,1833.0
1099,2021-04-24,1831.0,1831.0,1831.0,1887.0,966447258,451822,29,1888.0,1831.0
1100,2021-04-25,1830.0,1830.0,1830.0,1886.0,861162882,402789,23,1887.0,1830.0
1101,2021-04-26,1829.0,1829.0,1829.0,1886.0,339571437,158901,27,1886.0,1829.0
1102,2021-04-27,1829.0,1860.0,1829.0,1831.0,70602684234,33002522,879,1886.0,1840.0
1103,2021-04-28,1776.0,1830.0,1776.0,1781.0,60349152648,29004301,1121,1831.0,1781.0
1104,2021-05-01,1731.0,1758.0,1728.0,1748.0,36306035588,17946718,638,1781.0,1728.0
1105,2021-05-02,1696.0,1696.0,1696.0,1743.0,4892812470,2469870,133,1748.0,1696.0
1106,2021-05-03,1691.0,1691.0,1691.0,1742.0,1276302275,646229,48,1743.0,1691.0
1107,2021-05-05,1690.0,1690.0,1690.0,1741.0,616750638,312437,45,1742.0,1690.0
1108,2021-05-08,1689.0,1689.0,1689.0,1740.0,551911236,279732,25,1741.0,1689.0
1109,2021-05-09,1689.0,1689.0,1689.0,1740.0,165246642,83754,18,1740.0,1689.0
1110,2021-05-10,1689.0,1689.0,1689.0,1732.0,8419550605,4267385,100,1740.0,1689.0
1111,2021-05-11,1680.0,1680.0,1680.0,1716.0,15962929515,8131905,263,1732.0,1680.0
1112,2021-05-12,1665.0,1665.0,1665.0,1715.0,1426048715,733187,48,1716.0,1665.0
1113,2021-05-15,1629.0,1629.0,1629.0,1713.0,946643544,497448,45,1715.0,1629.0
1114,2021-05-16,1627.0,1627.0,1627.0,1710.0,1444077541,759641,60,1713.0,1627.0
1115,2021-05-17,1626.0,1626.0,1626.0,1708.0,1319998698,695102,39,1710.0,1626.0
1116,2021-05-18,1623.0,1623.0,1623.0,1707.0,484987320,255795,20,1708.0,1623.0
1117,2021-05-19,1622.0,1622.0,1622.0,1706.0,414923515,218957,19,1707.0,1622.0
1118,2021-05-22,1621.0,1621.0,1621.0,1706.0,166698516,88014,17,1706.0,1621.0
1119,2021-05-23,1621.0,1621.0,1621.0,1706.0,190201162,100423,12,1706.0,1621.0
1120,2021-05-24,1621.0,1621.0,1621.0,1705.0,752628250,397375,26,1706.0,1621.0
1121,2021-05-25,1620.0,1620.0,1620.0,1704.0,756836544,399808,30,1705.0,1620.0
1122,2021-05-26,1620.0,1620.0,1620.0,1702.0,1735507004,917287,33,1704.0,1620.0
1123,2021-05-29,1617.0,1750.0,1617.0,1647.0,176225457519,91609710,2180,1702.0,1736.0
1124,2021-05-30,1712.0,1721.0,1570.0,1644.0,64188521350,33411904,1732,1647.0,1592.0
1125,2021-05-31,1600.0,1635.0,1562.0,1583.0,39185956962,21386568,647,1644.0,1562.0
1126,2021-06-01,1509.0,1535.0,1504.0,1555.0,16623719049,9452777,382,1583.0,1504.0
1127,2021-06-02,1712.0,1712.0,1712.0,1692.0,46356102000,23178051,303,1555.0,1712.0
1128,2021-06-07,1622.0,1703.0,1608.0,1614.0,88783669848,47111364,2071,1692.0,1626.0
1129,2021-06-08,1628.0,1638.0,1541.0,1605.0,46101793652,24600957,1246,1614.0,1567.0
1130,2021-06-09,1533.0,1595.0,1525.0,1554.0,36451592681,20292781,868,1605.0,1556.0
1131,2021-06-12,1549.0,1573.0,1477.0,1504.0,38244243302,21911272,941,1554.0,1497.0
1132,2021-06-13,1514.0,1514.0,1434.0,1484.0,20740825314,12162990,663,1504.0,1453.0
1133,2021-06-14,1442.0,1495.0,1410.0,1449.0,58696206223,34675580,1214,1484.0,1422.0
1134,2021-06-15,1430.0,1455.0,1377.0,1400.0,55682683154,34040990,1161,1449.0,1410.0
1135,2021-06-16,1404.0,1404.0,1334.0,1378.0,28386544592,17778812,774,1400.0,1400.0
1136,2021-06-19,1370.0,1388.0,1328.0,1372.0,27456740031,17172312,758,1378.0,1387.0
1137,2021-06-20,1345.0,1404.0,1345.0,1372.0,21790077753,13592857,575,1372.0,1354.0
1138,2021-06-21,1350.0,1441.0,1350.0,1419.0,63074108536,38051660,1124,1372.0,1441.0
1139,2021-06-22,1430.0,1485.0,1430.0,1445.0,26722902508,15639804,728,1419.0,1480.0
1140,2021-06-23,1456.0,1506.0,1448.0,1468.0,30968497372,17923032,784,1445.0,1491.0
1141,2021-06-26,1512.0,1512.0,1473.0,1483.0,33916515450,19514819,804,1468.0,1498.0
1142,2021-06-27,1489.0,1511.0,1425.0,1469.0,38929986275,22722191,1048,1483.0,1438.0
1143,2021-06-28,1430.0,1470.0,1424.0,1457.0,27498994259,16236477,689,1469.0,1464.0
1144,2021-06-29,1464.0,1464.0,1414.0,1442.0,32641100563,19446683,725,1457.0,1442.0
1145,2021-06-30,1438.0,1464.0,1397.0,1436.0,34545932484,20620687,799,1442.0,1453.0
1146,2021-07-03,1418.0,1458.0,1370.0,1423.0,19524734971,11886692,726,1436.0,1377.0
1147,2021-07-04,1372.0,1451.0,1372.0,1424.0,28335966534,17041296,687,1423.0,1429.0
1148,2021-07-05,1414.0,1442.0,1400.0,1423.0,22211753265,13379060,675,1424.0,1426.0
1149,2021-07-06,1406.0,1451.0,1406.0,1424.0,74728473412,44902781,1330,1423.0,1417.0
1150,2021-07-07,1439.0,1495.0,1439.0,1481.0,55339982888,31980452,787,1424.0,1495.0
1151,2021-07-10,1555.0,1555.0,1518.0,1555.0,151514041744,83443998,1697,1481.0,1555.0
1152,2021-07-11,1632.0,1632.0,1575.0,1620.0,159708712844,84387122,2833,1555.0,1601.0
1153,2021-07-12,1618.0,1644.0,1561.0,1599.0,60565571885,32414888,1514,1620.0,1604.0
1154,2021-07-13,1528.0,1579.0,1519.0,1538.0,56757429205,31581889,1382,1599.0,1558.0
1155,2021-07-14,1549.0,1574.0,1501.0,1532.0,51294524320,28656299,1243,1538.0,1524.0
1156,2021-07-17,1541.0,1553.0,1497.0,1523.0,55173740799,31009925,1449,1532.0,1497.0
1157,2021-07-18,1532.0,1532.0,1448.0,1460.0,47730234602,27996730,1405,1523.0,1448.0
1158,2021-07-19,1421.0,1484.0,1421.0,1451.0,41664068903,24585345,1284,1460.0,1462.0
1159,2021-07-26,1465.0,1489.0,1435.0,1457.0,40298550459,23660741,1250,1451.0,1445.0
1160,2021-07-27,1498.0,1498.0,1384.0,1404.0,53176635666,32416931,1434,1457.0,1387.0
1161,2021-07-28,1404.0,1437.0,1345.0,1395.0,37005054937,22723166,1015,1404.0,1404.0
1162,2021-07-31,1380.0,1438.0,1378.0,1396.0,56578036070,34679134,1314,1395.0,1382.0
1163,2021-08-01,1382.0,1402.0,1347.0,1363.0,47867205602,30070825,1198,1396.0,1373.0
1164,2021-08-02,1402.0,1428.0,1376.0,1407.0,48265962600,29351769,1575,1363.0,1412.0
1165,2021-08-03,1412.0,1424.0,1337.0,1366.0,56073020687,35129396,1649,1407.0,1363.0
1166,2021-08-04,1368.0,1396.0,1301.0,1342.0,122250510325,77960748,2550,1366.0,1366.0
1167,2021-08-07,1365.0,1365.0,1293.0,1323.0,69037306603,44659076,1594,1342.0,1335.0
1168,2021-08-08,1317.0,1352.0,1310.0,1324.0,50955219777,32944283,1269,1323.0,1327.0
1169,2021-08-09,1350.0,1353.0,1312.0,1337.0,52904792654,33880529,1267,1324.0,1349.0
1170,2021-08-10,1359.0,1374.0,1320.0,1340.0,46978555432,30016607,1210,1337.0,1343.0
1171,2021-08-11,1344.0,1406.0,1344.0,1383.0,98992022464,61275182,2163,1340.0,1406.0
1172,2021-08-14,1428.0,1428.0,1362.0,1388.0,46372011953,28612225,1339,1383.0,1393.0
1173,2021-08-15,1399.0,1402.0,1371.0,1382.0,47623749897,29483234,1220,1388.0,1376.0
1174,2021-08-22,1380.0,1393.0,1358.0,1371.0,88041344754,54959038,2127,1382.0,1378.0
1175,2021-08-23,1372.0,1440.0,1363.0,1420.0,91922434846,55420065,1901,1371.0,1440.0
1176,2021-08-24,1478.0,1490.0,1444.0,1487.0,69262870978,39871269,1164,1420.0,1490.0
1177,2021-08-25,1507.0,1541.0,1455.0,1497.0,115237603328,65881897,2433,1487.0,1498.0
1178,2021-08-28,1515.0,1572.0,1515.0,1562.0,187391390840,102682359,2089,1497.0,1572.0
1179,2021-08-29,1640.0,1640.0,1567.0,1633.0,359998595820,188685696,4695,1562.0,1602.0
1180,2021-08-30,1626.0,1668.0,1561.0,1626.0,208879551811,109923415,3966,1633.0,1601.0
1181,2021-08-31,1584.0,1626.0,1545.0,1564.0,98434194683,53886979,2066,1626.0,1545.0
1182,2021-09-01,1545.0,1642.0,1545.0,1635.0,299196858975,156620428,2596,1564.0,1642.0
1183,2021-09-04,1716.0,1716.0,1716.0,1716.0,241950870755,120673751,1843,1635.0,1716.0
1184,2021-09-05,1749.0,1802.0,1674.0,1763.0,288250540792,140011155,4675,1716.0,1800.0
1185,2021-09-06,1789.0,1819.0,1722.0,1779.0,186971225571,89957381,3023,1763.0,1746.0
1186,2021-09-07,1729.0,1781.0,1697.0,1739.0,93089157082,45840144,1792,1779.0,1763.0
1187,2021-09-08,1759.0,1781.0,1712.0,1736.0,94485398908,46593312,1912,1739.0,1742.0
1188,2021-09-11,1755.0,1785.0,1650.0,1708.0,71463310528,35814958,1546,1736.0,1669.0
1189,2021-09-12,1629.0,1703.0,1623.0,1665.0,26505307446,13950328,647,1708.0,1623.0
1190,2021-09-13,1582.0,1626.0,1582.0,1585.0,60217635653,32509285,1130,1665.0,1582.0
1191,2021-09-14,1601.0,1626.0,1511.0,1579.0,58112519663,31489821,1577,1585.0,1570.0
1192,2021-09-15,1549.0,1567.0,1501.0,1525.0,72502585788,40704322,1933,1579.0,1544.0
1193,2021-09-18,1484.0,1531.0,1448.0,1498.0,16836297002,9914021,363,1525.0,1448.0
1194,2021-09-19,1507.0,1507.0,1424.0,1482.0,28690341373,16680972,538,1498.0,1484.0
1195,2021-09-20,1447.0,1489.0,1411.0,1436.0,57417197798,34221321,1366,1482.0,1453.0
1196,2021-09-21,1412.0,1448.0,1365.0,1374.0,50491274630,31453691,938,1436.0,1365.0
1197,2021-09-22,1321.0,1416.0,1305.0,1358.0,30041652781,19032986,936,1374.0,1409.0
1198,2021-09-25,1412.0,1421.0,1344.0,1379.0,57296208436,35576482,1387,1358.0,1399.0
1199,2021-09-26,1412.0,1412.0,1363.0,1379.0,19936488309,12382666,700,1379.0,1376.0
1200,2021-09-28,1374.0,1444.0,1374.0,1421.0,39570617138,23765285,1149,1379.0,1441.0
1201,2021-09-29,1465.0,1476.0,1421.0,1439.0,23648544849,13918385,947,1421.0,1443.0
1202,2021-10-02,1460.0,1511.0,1388.0,1444.0,58312200837,34573081,1520,1439.0,1437.0
1203,2021-10-03,1406.0,1429.0,1373.0,1394.0,40237150580,24774923,1029,1444.0,1404.0
1204,2021-10-04,1412.0,1412.0,1376.0,1392.0,20426802451,12581152,687,1394.0,1388.0
1205,2021-10-06,1412.0,1420.0,1370.0,1393.0,41375475980,25432525,976,1392.0,1401.0
1206,2021-10-09,1411.0,1422.0,1323.0,1342.0,68993482345,43991633,1787,1393.0,1323.0
1207,2021-10-10,1286.0,1357.0,1286.0,1325.0,33956562686,21993571,1031,1342.0,1341.0
1208,2021-10-11,1343.0,1351.0,1286.0,1305.0,40667868036,26669305,1017,1325.0,1327.0
1209,2021-10-12,1287.0,1305.0,1240.0,1249.0,34857065484,24001915,804,1305.0,1240.0
1210,2021-10-13,1199.0,1246.0,1187.0,1194.0,35547559990,25518720,1046,1249.0,1187.0
1211,2021-10-16,1147.0,1253.0,1147.0,1235.0,42190421671,29235477,998,1194.0,1253.0
1212,2021-10-17,1258.0,1267.0,1174.0,1185.0,54181690006,39161834,1121,1235.0,1174.0
1213,2021-10-18,1156.0,1212.0,1126.0,1175.0,32427403313,23637684,862,1185.0,1203.0
1214,2021-10-19,1213.0,1216.0,1173.0,1192.0,24147028799,17228078,601,1175.0,1207.0
1215,2021-10-20,1165.0,1220.0,1164.0,1192.0,13925159644,9993903,431,1192.0,1198.0
1216,2021-10-23,1166.0,1171.0,1133.0,1157.0,22420143257,16880893,641,1192.0,1133.0
1217,2021-10-25,1103.0,1133.0,1100.0,1109.0,29434013471,22883182,703,1157.0,1100.0
1218,2021-10-26,1066.0,1103.0,1054.0,1085.0,20475575927,16387187,643,1109.0,1064.0
1219,2021-10-27,1053.0,1119.0,1045.0,1089.0,23311092748,18291626,785,1085.0,1113.0
1220,2021-10-30,1117.0,1139.0,1086.0,1109.0,25714126439,19710649,898,1089.0,1113.0
1221,2021-10-31,1091.0,1121.0,1061.0,1099.0,28383377554,22140610,725,1109.0,1112.0
1222,2021-11-01,1112.0,1153.0,1087.0,1111.0,16446787009,12525769,502,1099.0,1129.0
1223,2021-11-02,1086.0,1149.0,1086.0,1115.0,10138655053,7721853,340,1111.0,1126.0
1224,2021-11-03,1119.0,1170.0,1119.0,1163.0,62529780329,46006206,958,1115.0,1170.0
1225,2021-11-06,1190.0,1221.0,1190.0,1185.0,17029772547,12043777,418,1163.0,1221.0
1226,2021-11-07,1221.0,1221.0,1166.0,1186.0,12151300885,8766436,378,1185.0,1188.0
1227,2021-11-08,1141.0,1233.0,1141.0,1205.0,27493408575,19413116,633,1186.0,1220.0
1228,2021-11-09,1189.0,1250.0,1189.0,1209.0,15497441532,10923168,487,1205.0,1228.0
1229,2021-11-10,1240.0,1269.0,1231.0,1266.0,71424722982,48305000,1127,1209.0,1269.0
1230,2021-11-13,1273.0,1293.0,1205.0,1263.0,28284772396,19188567,694,1266.0,1275.0
1231,2021-11-14,1269.0,1282.0,1244.0,1264.0,29696136353,20113552,745,1263.0,1280.0
1232,2021-11-15,1227.0,1326.0,1227.0,1314.0,62187703188,40515011,1327,1264.0,1310.0
1233,2021-11-16,1310.0,1379.0,1266.0,1364.0,73484127620,46124194,1644,1314.0,1379.0
1234,2021-11-17,1400.0,1412.0,1335.0,1388.0,42101830276,25946669,981,1364.0,1408.0
1235,2021-11-20,1427.0,1442.0,1335.0,1406.0,74091796103,45099047,1683,1388.0,1429.0
1236,2021-11-21,1450.0,1477.0,1421.0,1472.0,79423164066,46169838,1769,1406.0,1477.0
1237,2021-11-22,1532.0,1540.0,1399.0,1443.0,117242212984,69543283,2859,1472.0,1399.0
1238,2021-11-23,1371.0,1371.0,1371.0,1427.0,9349507494,5836147,169,1443.0,1371.0
1239,2021-11-24,1356.0,1356.0,1356.0,1418.0,5193343584,3278626,132,1427.0,1356.0
1240,2021-11-27,1348.0,1348.0,1348.0,1412.0,3426188850,2175358,73,1418.0,1348.0
1241,2021-11-28,1342.0,1342.0,1342.0,1408.0,2604841568,1661251,89,1412.0,1342.0
1242,2021-11-29,1338.0,1338.0,1338.0,1402.0,3460660182,2214114,92,1408.0,1338.0
1243,2021-11-30,1333.0,1333.0,1333.0,1397.0,3142444833,2018269,56,1402.0,1333.0
1244,2021-12-01,1328.0,1328.0,1328.0,1369.0,16935511692,10919092,208,1397.0,1328.0
1245,2021-12-04,1301.0,1301.0,1301.0,1359.0,5707577200,3754985,63,1369.0,1301.0
1246,2021-12-05,1292.0,1306.0,1292.0,1292.0,50500376238,33464939,688,1359.0,1292.0
1247,2021-12-06,1237.0,1283.0,1228.0,1236.0,70753540323,48991500,1276,1292.0,1228.0
1248,2021-12-07,1190.0,1224.0,1174.0,1186.0,30917842083,22487656,543,1236.0,1174.0
1249,2021-12-08,1136.0,1181.0,1127.0,1143.0,144427677749,108193006,3400,1186.0,1167.0
1250,2021-12-11,1167.0,1188.0,1139.0,1151.0,24309163227,18014420,854,1143.0,1151.0
1251,2021-12-12,1154.0,1154.0,1096.0,1138.0,12532754411,9634436,470,1151.0,1114.0
1252,2021-12-13,1119.0,1119.0,1081.0,1101.0,25963105314,20397322,741,1138.0,1081.0
1253,2021-12-14,1054.0,1085.0,1046.0,1053.0,40816921695,33190775,1185,1101.0,1046.0
1254,2021-12-15,1084.0,1085.0,1002.0,1038.0,17490122011,14607518,728,1053.0,1019.0
1255,2021-12-18,1038.0,1070.0,1038.0,1044.0,12389170648,10038480,463,1038.0,1050.0
1256,2021-12-19,1086.0,1086.0,1027.0,1045.0,15824018744,12941966,475,1044.0,1027.0
1257,2021-12-20,1020.0,1061.0,1020.0,1045.0,19712776036,16146186,488,1045.0,1047.0
1258,2021-12-21,1052.0,1082.0,1045.0,1053.0,12410591595,9967849,449,1045.0,1053.0
1259,2021-12-22,1078.0,1103.0,1052.0,1069.0,16040069605,12641441,523,1053.0,1079.0
1260,2021-12-25,1087.0,1111.0,1073.0,1090.0,30343320013,23788488,696,1069.0,1097.0
1261,2021-12-26,1096.0,1111.0,1064.0,1092.0,18570175215,14525417,537,1090.0,1109.0
1262,2021-12-27,1103.0,1121.0,1092.0,1098.0,17337804057,13437149,579,1092.0,1121.0
1263,2021-12-28,1121.0,1130.0,1100.0,1104.0,11395770929,8732258,392,1098.0,1130.0
1264,2021-12-29,1128.0,1139.0,1094.0,1110.0,24904593071,19154777,582,1104.0,1113.0
1265,2022-01-01,1110.0,1116.0,1073.0,1104.0,10045764794,7896604,389,1110.0,1078.0
1266,2022-01-02,1071.0,1114.0,1071.0,1103.0,14875303996,11548894,431,1104.0,1107.0
1267,2022-01-03,1104.0,1120.0,1101.0,1103.0,10036485871,7777733,339,1103.0,1106.0
1268,2022-01-04,1104.0,1104.0,1051.0,1077.0,21257605467,17120003,530,1103.0,1055.0
1269,2022-01-05,1069.0,1077.0,1037.0,1063.0,14126243177,11560645,452,1077.0,1044.0
1270,2022-01-08,1027.0,1059.0,1027.0,1055.0,11208022956,9210089,407,1063.0,1032.0
1271,2022-01-09,1027.0,1061.0,1014.0,1044.0,17342626430,14347223,462,1055.0,1026.0
1272,2022-01-10,1040.0,1053.0,996.0,1032.0,18377782957,15375730,472,1044.0,1019.0
1273,2022-01-11,1043.0,1049.0,1002.0,1026.0,19322958194,16185659,584,1032.0,1002.0
1274,2022-01-12,1002.0,1026.0,1002.0,1019.0,13700868310,11619668,442,1026.0,1003.0
1275,2022-01-15,996.0,1019.0,979.0,1008.0,12383128561,10671782,419,1019.0,987.0
1276,2022-01-16,976.0,1000.0,959.0,988.0,18085214973,15902336,554,1008.0,973.0
1277,2022-01-17,1001.0,1002.0,972.0,988.0,9038520689,7837722,261,988.0,976.0
1278,2022-01-18,991.0,992.0,939.0,948.0,28228221414,25511967,665,988.0,939.0
1279,2022-01-19,909.0,972.0,909.0,947.0,12590079051,11414726,347,948.0,931.0
1280,2022-01-22,925.0,978.0,909.0,946.0,24362408529,22057459,637,947.0,916.0
1281,2022-01-23,954.0,993.0,912.0,971.0,43113503927,38005008,1158,946.0,984.0
1282,2022-01-24,995.0,1014.0,989.0,994.0,28911764814,24860097,670,971.0,992.0
1283,2022-01-25,1004.0,1019.0,944.0,975.0,31882135839,27991384,769,994.0,989.0
1284,2022-01-26,1002.0,1010.0,984.0,984.0,13593085153,11711569,333,975.0,991.0
1285,2022-01-29,993.0,1027.0,985.0,996.0,20213223120,17271282,561,984.0,1018.0
1286,2022-01-30,1015.0,1043.0,1006.0,1006.0,14432688463,12134837,355,996.0,1006.0
1287,2022-01-31,1044.0,1044.0,1006.0,1008.0,14406935069,12198888,294,1006.0,1018.0
1288,2022-02-01,1020.0,1046.0,1008.0,1014.0,13127480476,11008082,305,1008.0,1013.0
1289,2022-02-02,1014.0,1042.0,1014.0,1015.0,8752247949,7342122,264,1014.0,1016.0
1290,2022-02-05,1033.0,1052.0,1016.0,1027.0,17851058773,14734836,443,1015.0,1043.0
1291,2022-02-06,1051.0,1055.0,987.0,1030.0,25562296119,21243298,551,1027.0,1020.0
1292,2022-02-07,993.0,1045.0,993.0,1036.0,24960140738,20602890,458,1030.0,1044.0
1293,2022-02-08,1038.0,1074.0,1038.0,1048.0,23640010375,19232897,513,1036.0,1074.0
1294,2022-02-09,1070.0,1088.0,1061.0,1067.0,24539687488,19564547,571,1048.0,1087.0
1295,2022-02-12,1087.0,1120.0,1079.0,1113.0,35858062362,27582630,809,1067.0,1120.0
1296,2022-02-13,1162.0,1164.0,1118.0,1126.0,18511940972,13939459,427,1113.0,1130.0
1297,2022-02-14,1126.0,1147.0,1088.0,1119.0,26423659638,20245331,565,1126.0,1113.0
1298,2022-02-16,1119.0,1151.0,1085.0,1117.0,21371281651,16397958,427,1119.0,1119.0
1299,2022-02-19,1143.0,1143.0,1116.0,1119.0,8359995646,6368463,265,1117.0,1120.0
1300,2022-02-20,1119.0,1142.0,1090.0,1121.0,14995909665,11438071,247,1119.0,1130.0
1301,2022-02-21,1130.0,1143.0,1121.0,1123.0,16367167443,12438110,265,1121.0,1134.0
1302,2022-02-22,1113.0,1148.0,1113.0,1124.0,9186789615,6975418,199,1123.0,1133.0
1303,2022-02-23,1145.0,1156.0,1130.0,1133.0,23569963817,17753852,399,1124.0,1134.0
1304,2022-02-26,1081.0,1147.0,1081.0,1130.0,13186626045,10017241,293,1133.0,1139.0
1305,2022-02-27,1139.0,1147.0,1137.0,1133.0,10838983273,8128796,225,1130.0,1146.0
1306,2022-02-28,1172.0,1172.0,1147.0,1141.0,9568138402,7046257,257,1133.0,1168.0
1307,2022-03-02,1164.0,1172.0,1151.0,1151.0,23277846830,17247937,352,1141.0,1156.0
1308,2022-03-05,1139.0,1208.0,1139.0,1171.0,19422311229,13986918,468,1151.0,1182.0
1309,2022-03-06,1183.0,1207.0,1183.0,1179.0,15218439486,10942123,325,1171.0,1198.0
1310,2022-03-09,1237.0,1237.0,1208.0,1207.0,21814389235,15206158,302,1179.0,1222.0
1311,2022-03-12,1207.0,1240.0,1207.0,1219.0,26963129821,18862039,475,1207.0,1228.0
1312,2022-03-13,1224.0,1233.0,1220.0,1224.0,37384390755,26139255,487,1219.0,1225.0
1313,2022-03-14,1232.0,1263.0,1174.0,1242.0,47808051982,32943616,750,1224.0,1262.0
1314,2022-03-19,1262.0,1302.0,1262.0,1246.0,3880623953,2655296,132,1242.0,1269.0
1315,2022-03-26,1285.0,1285.0,1224.0,1247.0,9313288775,6495902,200,1246.0,1246.0
1316,2022-03-27,1189.0,1269.0,1189.0,1245.0,16587199125,11687060,389,1247.0,1240.0
1317,2022-03-28,0.0,0.0,0.0,1245.0,16587199125,11687060,389,1245.0,1240.0
1318,2022-03-29,1206.0,1250.0,1205.0,1236.0,12428848242,8918751,461,1245.0,1205.0
1319,2022-03-30,1207.0,1224.0,1175.0,1224.0,16869917943,12184796,525,1236.0,1212.0
1320,2022-04-03,1219.0,1237.0,1181.0,1219.0,25036093429,17990452,713,1224.0,1224.0
1321,2022-04-04,1215.0,1246.0,1174.0,1217.0,17555781623,12640674,540,1219.0,1184.0
1322,2022-04-05,1207.0,1223.0,1189.0,1214.0,11030160800,7985600,391,1217.0,1192.0
1323,2022-04-06,1198.0,1219.0,1175.0,1211.0,11696098395,8505254,383,1214.0,1178.0
1324,2022-04-09,1178.0,1206.0,1171.0,1204.0,7994649125,5929974,347,1211.0,1184.0
1325,2022-04-10,1163.0,1224.0,1163.0,1205.0,18526472057,13410931,491,1204.0,1210.0
1326,2022-04-11,1205.0,1219.0,1205.0,1206.0,11307611272,8177385,409,1205.0,1212.0
1327,2022-04-12,1206.0,1227.0,1147.0,1191.0,21376917383,15826530,512,1206.0,1151.0
1328,2022-04-13,1171.0,1197.0,1148.0,1188.0,12532786317,9269702,323,1191.0,1174.0
1329,2022-04-16,1172.0,1222.0,1168.0,1194.0,21809167059,15914871,603,1188.0,1189.0
1330,2022-04-17,1175.0,1241.0,1174.0,1210.0,24487100202,17579026,659,1194.0,1225.0
1331,2022-04-18,1224.0,1238.0,1215.0,1219.0,20962567467,14951050,530,1210.0,1219.0
1332,2022-04-19,1222.0,1254.0,1218.0,1227.0,21455404694,15202063,379,1219.0,1225.0
1333,2022-04-20,1232.0,1262.0,1227.0,1236.0,26113041124,18404410,529,1227.0,1238.0
1334,2022-04-24,1232.0,1297.0,1232.0,1283.0,46306679924,31553781,730,1236.0,1297.0
1335,2022-04-25,1329.0,1341.0,1301.0,1315.0,35819095871,23752059,823,1283.0,1309.0
1336,2022-04-26,1328.0,1328.0,1268.0,1300.0,35820429103,24123140,1046,1315.0,1294.0
1337,2022-04-27,1311.0,1311.0,1266.0,1293.0,20089523684,13656136,574,1300.0,1277.0
1338,2022-04-30,1293.0,1294.0,1250.0,1280.0,18994794949,13102774,590,1293.0,1258.0
1339,2022-05-01,1244.0,1267.0,1239.0,1263.0,18571499812,13028922,509,1280.0,1241.0
1340,2022-05-02,1239.0,1267.0,1225.0,1258.0,18972331133,13247570,512,1263.0,1244.0
1341,2022-05-07,1259.0,1276.0,1244.0,1259.0,20716798795,14372864,495,1258.0,1244.0
1342,2022-05-08,1272.0,1274.0,1225.0,1251.0,23827520460,16708380,559,1259.0,1239.0
1343,2022-05-09,1251.0,1259.0,1216.0,1245.0,16407635139,11590725,420,1251.0,1223.0
1344,2022-05-10,1223.0,1245.0,1206.0,1235.0,16173098951,11562452,492,1245.0,1225.0
1345,2022-05-11,1212.0,1255.0,1212.0,1241.0,24624968037,17294519,863,1235.0,1247.0
1346,2022-05-14,1250.0,1259.0,1215.0,1232.0,41935095358,29734921,1082,1241.0,1224.0
1347,2022-05-15,1209.0,1281.0,1209.0,1253.0,41135984461,28692736,1059,1232.0,1276.0
1348,2022-05-16,1289.0,1296.0,1253.0,1267.0,33215075860,22869176,875,1253.0,1276.0
1349,2022-05-17,1267.0,1302.0,1246.0,1280.0,33311307667,22722924,844,1267.0,1259.0
1350,2022-05-18,1235.0,1282.0,1232.0,1266.0,14667003221,10299454,525,1280.0,1250.0
1351,2022-05-21,1267.0,1267.0,1212.0,1255.0,18779699373,13196015,602,1266.0,1241.0
1352,2022-05-22,1232.0,1266.0,1224.0,1249.0,16457961706,11588767,429,1255.0,1249.0
1353,2022-05-23,1222.0,1260.0,1191.0,1229.0,20169797708,14534158,563,1249.0,1206.0
1354,2022-05-24,1196.0,1290.0,1192.0,1266.0,60624922357,41870520,1072,1229.0,1290.0
1355,2022-05-25,1329.0,1329.0,1329.0,1329.0,47377609600,31169480,586,1266.0,1329.0
1356,2022-05-28,1370.0,1392.0,1295.0,1342.0,79865462439,52023651,1752,1329.0,1302.0
1357,2022-05-29,1284.0,1320.0,1275.0,1280.0,43196901331,29514519,1394,1342.0,1285.0
1358,2022-05-30,1285.0,1308.0,1241.0,1277.0,16856418261,11564068,389,1280.0,1246.0
1359,2022-05-31,1244.0,1281.0,1244.0,1274.0,9904822649,6846541,304,1277.0,1250.0
1360,2022-06-01,1267.0,1330.0,1245.0,1287.0,25910762725,17510287,683,1274.0,1307.0
1361,2022-06-06,1277.0,1302.0,1242.0,1277.0,12196104055,8476077,372,1287.0,1242.0
1362,2022-06-07,1229.0,1267.0,1226.0,1269.0,9832691676,6884608,534,1277.0,1243.0
1363,2022-06-08,1241.0,1275.0,1231.0,1265.0,13715024273,9544245,446,1269.0,1246.0
1364,2022-06-11,1241.0,1282.0,1228.0,1260.0,9568513586,6703017,287,1265.0,1241.0
1365,2022-06-12,1224.0,1260.0,1224.0,1257.0,8678287166,6085519,276,1260.0,1246.0
1366,2022-06-13,1228.0,1288.0,1227.0,1253.0,18867654312,13195421,597,1257.0,1241.0
1367,2022-06-14,1253.0,1316.0,1235.0,1295.0,57765087293,38988611,1017,1253.0,1300.0
1368,2022-06-15,1246.0,1311.0,1246.0,1288.0,20159449439,13771962,528,1295.0,1271.0
1369,2022-06-18,1257.0,1326.0,1248.0,1284.0,27053904698,18441542,573,1288.0,1262.0
1370,2022-06-19,1282.0,1285.0,1245.0,1272.0,15578807178,10849158,689,1284.0,1246.0
1371,2022-06-20,1239.0,1273.0,1226.0,1260.0,15620891615,10966536,421,1272.0,1241.0
1372,2022-06-21,1258.0,1258.0,1222.0,1253.0,11139415484,7895509,393,1260.0,1222.0
1373,2022-06-22,1250.0,1250.0,1201.0,1240.0,13364872004,9593724,358,1253.0,1219.0
1374,2022-06-25,1215.0,1235.0,1196.0,1232.0,9600231713,6947395,375,1240.0,1209.0
1375,2022-06-26,1184.0,1222.0,1170.0,1203.0,20104811379,14882368,459,1232.0,1178.0
1376,2022-06-27,1202.0,1202.0,1157.0,1195.0,8656845758,6459084,266,1203.0,1171.0
1377,2022-06-28,1152.0,1203.0,1152.0,1191.0,13391181863,9897179,343,1195.0,1192.0
1378,2022-06-29,1161.0,1204.0,1161.0,1189.0,8045064023,5950129,286,1191.0,1173.0
1379,2022-07-02,1160.0,1189.0,1136.0,1175.0,12624258060,9594857,337,1189.0,1149.0
1380,2022-07-03,1148.0,1165.0,1135.0,1170.0,5878942532,4493043,265,1175.0,1149.0
1381,2022-07-04,1135.0,1163.0,1135.0,1161.0,13477585618,10266357,445,1170.0,1149.0
1382,2022-07-05,1136.0,1161.0,1134.0,1157.0,6773266808,5187711,235,1161.0,1150.0
1383,2022-07-06,1157.0,1157.0,1120.0,1154.0,4226497698,3276821,218,1157.0,1122.0
1384,2022-07-09,1111.0,1138.0,1102.0,1149.0,4386146441,3438578,211,1154.0,1119.0
1385,2022-07-11,1102.0,1136.0,1092.0,1133.0,9585763878,7650546,360,1149.0,1092.0
1386,2022-07-12,1077.0,1101.0,1077.0,1119.0,8870080785,7172698,354,1133.0,1081.0
1387,2022-07-13,1109.0,1110.0,1071.0,1112.0,7200592716,5784114,257,1119.0,1078.0
1388,2022-07-16,1100.0,1104.0,1066.0,1105.0,7154138266,5794647,256,1112.0,1074.0
1389,2022-07-17,1075.0,1100.0,1053.0,1094.0,7711216923,6347408,242,1105.0,1059.0
1390,2022-07-19,1058.0,1082.0,1044.0,1087.0,5392329162,4473407,240,1094.0,1049.0
1391,2022-07-20,1066.0,1083.0,1046.0,1083.0,5352252029,4414085,228,1087.0,1061.0
1392,2022-07-23,1042.0,1071.0,1042.0,1073.0,9459682393,7869173,287,1083.0,1049.0
1393,2022-07-24,1049.0,1093.0,1048.0,1073.0,10284405247,8397539,422,1073.0,1065.0
1394,2022-07-25,1045.0,1046.0,1020.0,1064.0,5831184774,4967922,247,1073.0,1026.0
1395,2022-07-26,1048.0,1055.0,1017.0,1059.0,4159627371,3547529,210,1064.0,1030.0
1396,2022-07-27,1039.0,1040.0,1016.0,1056.0,2776390728,2367075,185,1059.0,1024.0
1397,2022-07-30,1014.0,1045.0,1013.0,1052.0,4826775038,4111867,189,1056.0,1013.0
1398,2022-07-31,1012.0,1013.0,1000.0,1043.0,5868717105,5109330,258,1052.0,1003.0
1399,2022-08-01,1010.0,1035.0,998.0,1038.0,4913926633,4251155,229,1043.0,1001.0
1400,2022-08-02,995.0,1023.0,994.0,1032.0,4732654955,4127296,174,1038.0,1014.0
1401,2022-08-03,1014.0,1043.0,1001.0,1031.0,6001901083,5109356,281,1032.0,1036.0
1402,2022-08-06,1040.0,1056.0,1005.0,1034.0,13114006832,11051777,375,1031.0,1049.0
1403,2022-08-09,1066.0,1066.0,1031.0,1036.0,6106279536,5117326,239,1034.0,1047.0
1404,2022-08-10,1025.0,1056.0,1025.0,1036.0,8417824818,7099913,242,1036.0,1038.0
1405,2022-08-13,1024.0,1056.0,1023.0,1037.0,9546999306,8036583,273,1036.0,1038.0
1406,2022-08-14,1029.0,1051.0,1023.0,1034.0,10455412959,8871557,236,1037.0,1034.0
1407,2022-08-15,1045.0,1049.0,1015.0,1032.0,6262526093,5340163,216,1034.0,1033.0
1408,2022-08-16,1024.0,1042.0,1020.0,1031.0,15005770031,12733463,292,1032.0,1032.0
1409,2022-08-17,1031.0,1040.0,1016.0,1031.0,9187063228,7817183,316,1031.0,1033.0
1410,2022-08-20,1001.0,1051.0,1001.0,1032.0,9495800921,8009735,303,1031.0,1049.0
1411,2022-08-21,1032.0,1052.0,1027.0,1036.0,9946857531,8333244,306,1032.0,1048.0
1412,2022-08-22,1042.0,1054.0,1031.0,1038.0,7255860396,6054983,313,1036.0,1051.0
1413,2022-08-23,1048.0,1090.0,1032.0,1074.0,24164655623,19424469,540,1038.0,1090.0
1414,2022-08-24,1093.0,1128.0,1077.0,1084.0,12634853216,10041614,373,1074.0,1094.0
1415,2022-08-27,1075.0,1101.0,1058.0,1084.0,12279000235,9895621,368,1084.0,1088.0
1416,2022-08-28,1067.0,1104.0,1067.0,1084.0,4638439074,3740908,182,1084.0,1088.0
1417,2022-08-29,1101.0,1101.0,1066.0,1082.0,7537319895,6111207,233,1084.0,1069.0
1418,2022-08-30,1066.0,1077.0,1036.0,1072.0,11608623270,9640839,302,1082.0,1049.0
1419,2022-08-31,1042.0,1083.0,1041.0,1070.0,15206671076,12443054,419,1072.0,1074.0
1420,2022-09-03,1075.0,1084.0,1043.0,1066.0,6931782544,5749753,241,1070.0,1049.0
1421,2022-09-04,1040.0,1069.0,1040.0,1064.0,8769036388,7253993,302,1066.0,1067.0
1422,2022-09-05,1043.0,1075.0,1017.0,1060.0,7978242875,6653143,300,1064.0,1058.0
1423,2022-09-06,1045.0,1066.0,1031.0,1054.0,11412184802,9550705,341,1060.0,1040.0
1424,2022-09-07,1049.0,1055.0,1029.0,1052.0,5054309104,4252214,182,1054.0,1041.0
1425,2022-09-10,1028.0,1053.0,1025.0,1048.0,5462963731,4624358,190,1052.0,1043.0
1426,2022-09-11,1028.0,1043.0,1011.0,1044.0,5073573730,4340718,223,1048.0,1031.0
1427,2022-09-13,1045.0,1082.0,1045.0,1055.0,13497338488,11011445,354,1044.0,1078.0
1428,2022-09-14,1082.0,1082.0,1050.0,1057.0,6959675166,5730518,204,1055.0,1062.0
1429,2022-09-18,1049.0,1079.0,1035.0,1055.0,4590742433,3841918,138,1057.0,1045.0
1430,2022-09-19,1036.0,1063.0,1017.0,1052.0,6561713836,5528432,272,1055.0,1049.0
1431,2022-09-20,1021.0,1052.0,1021.0,1050.0,3104493218,2621348,125,1052.0,1033.0
1432,2022-09-21,1046.0,1046.0,1016.0,1047.0,3674373347,3124192,119,1050.0,1031.0
1433,2022-09-24,1014.0,1015.0,996.0,1037.0,7042269398,6139441,250,1047.0,1005.0
1434,2022-09-26,994.0,1019.0,992.0,1032.0,4497583194,3902358,199,1037.0,1016.0
1435,2022-09-28,1016.0,1047.0,1001.0,1031.0,4717862154,4048347,252,1032.0,1012.0
1436,2022-10-01,1044.0,1044.0,980.0,1000.0,19792005503,17579594,436,1031.0,980.0
1437,2022-10-02,979.0,979.0,950.0,967.0,19460405589,17883229,468,1000.0,950.0
1438,2022-10-03,931.0,961.0,930.0,962.0,6333204464,5864901,244,967.0,953.0
1439,2022-10-04,953.0,961.0,934.0,960.0,1962090050,1823988,136,962.0,944.0
1440,2022-10-08,960.0,986.0,930.0,963.0,10315592233,9298124,293,960.0,977.0
1441,2022-10-09,944.0,981.0,924.0,960.0,4785492548,4426886,188,963.0,956.0
1442,2022-10-10,961.0,969.0,935.0,956.0,5931138895,5494002,195,960.0,940.0
1443,2022-10-11,956.0,975.0,950.0,958.0,4744725674,4298120,146,956.0,957.0
1444,2022-10-12,979.0,979.0,955.0,960.0,5829074425,5265578,128,958.0,970.0
1445,2022-10-15,941.0,976.0,941.0,960.0,3958527497,3593586,145,960.0,962.0
1446,2022-10-16,960.0,962.0,935.0,958.0,4245442880,3920846,141,960.0,936.0
1447,2022-10-17,927.0,953.0,918.0,952.0,5714014265,5383784,275,958.0,935.0
1448,2022-10-18,947.0,970.0,927.0,948.0,13198539414,12210026,394,952.0,952.0
1449,2022-10-19,953.0,957.0,928.0,948.0,1562942854,1454612,136,948.0,940.0
1450,2022-10-22,947.0,953.0,926.0,943.0,6700154221,6291108,193,948.0,934.0
1451,2022-10-23,923.0,941.0,918.0,941.0,3462918220,3262101,148,943.0,925.0
1452,2022-10-24,906.0,927.0,906.0,938.0,3863250825,3682721,156,941.0,915.0
1453,2022-10-25,901.0,928.0,901.0,934.0,3962008352,3814797,204,938.0,913.0
1454,2022-10-26,902.0,907.0,889.0,923.0,7271405485,7117223,239,934.0,899.0
1455,2022-10-29,883.0,927.0,881.0,914.0,12703479662,12280835,337,923.0,899.0
1456,2022-10-30,883.0,919.0,874.0,909.0,13989156138,13531945,363,914.0,919.0
1457,2022-10-31,892.0,928.0,892.0,910.0,4900672093,4680099,221,909.0,919.0
1458,2022-11-01,906.0,934.0,892.0,913.0,7820956339,7436172,206,910.0,927.0
1459,2022-11-02,927.0,927.0,905.0,913.0,4469740087,4265317,142,913.0,920.0
1460,2022-11-05,918.0,941.0,913.0,917.0,8117067612,7661760,232,913.0,931.0
1461,2022-11-06,912.0,934.0,912.0,918.0,5312876800,5041287,187,917.0,922.0
1462,2022-11-07,918.0,963.0,918.0,956.0,25527494576,23210439,426,918.0,963.0
1463,2022-11-08,987.0,999.0,956.0,966.0,14957604849,13397161,492,956.0,962.0
1464,2022-11-09,962.0,971.0,944.0,961.0,17904037563,16344203,425,966.0,947.0
1465,2022-11-12,953.0,982.0,953.0,964.0,9422818184,8486729,242,961.0,977.0
1466,2022-11-13,979.0,993.0,971.0,967.0,5058987391,4510025,204,964.0,982.0
1467,2022-11-14,999.0,999.0,962.0,969.0,9149597563,8218501,216,967.0,978.0
1468,2022-11-15,955.0,994.0,955.0,969.0,4819171942,4327375,118,969.0,973.0
1469,2022-11-16,955.0,1005.0,955.0,977.0,12576815821,11114872,333,969.0,1005.0
1470,2022-11-19,962.0,1012.0,962.0,987.0,18574688691,16352440,514,977.0,1011.0
1471,2022-11-20,1010.0,1036.0,1007.0,1016.0,19454966740,16456210,356,987.0,1036.0
1472,2022-11-21,1058.0,1066.0,1036.0,1063.0,33779533395,27785636,633,1016.0,1066.0
1473,2022-11-22,1084.0,1115.0,1049.0,1104.0,56150883199,44470381,927,1063.0,1115.0
1474,2022-11-23,1135.0,1159.0,1135.0,1154.0,33696121781,25474777,477,1104.0,1159.0
1475,2022-11-26,1194.0,1194.0,1115.0,1150.0,48434979813,36801810,1170,1154.0,1148.0
1476,2022-11-27,1154.0,1183.0,1122.0,1157.0,20630294828,15523100,509,1150.0,1159.0
1477,2022-11-28,1170.0,1201.0,1156.0,1170.0,25154016090,18707093,527,1157.0,1180.0
1478,2022-11-29,1180.0,1193.0,1144.0,1170.0,14526082974,10876065,423,1170.0,1150.0
1479,2022-11-30,1122.0,1180.0,1122.0,1163.0,32797994631,24646325,662,1170.0,1170.0
1480,2022-12-03,1163.0,1187.0,1136.0,1168.0,49859354298,37325259,983,1163.0,1185.0
1481,2022-12-12,1177.0,1210.0,1176.0,1171.0,9961564572,7623553,232,1168.0,1183.0
1482,2022-12-13,1175.0,1200.0,1175.0,1175.0,13409632345,10243180,332,1171.0,1193.0
1483,2022-12-14,1208.0,1208.0,1171.0,1176.0,9830269076,7540722,217,1175.0,1184.0
1484,2022-12-17,1156.0,1198.0,1156.0,1175.0,9538393414,7343646,273,1176.0,1179.0
1485,2022-12-18,1154.0,1187.0,1153.0,1175.0,10213234420,7847138,310,1175.0,1179.0
1486,2022-12-19,1185.0,1192.0,1151.0,1173.0,11019883992,8516314,246,1175.0,1159.0
1487,2022-12-20,1191.0,1193.0,1160.0,1174.0,16111608535,12385220,298,1173.0,1181.0
1488,2022-12-21,1188.0,1188.0,1152.0,1171.0,11424902148,8855706,355,1174.0,1175.0
1489,2022-12-24,1175.0,1184.0,1157.0,1164.0,30727381272,23889432,703,1171.0,1160.0
1490,2022-12-25,1161.0,1200.0,1158.0,1182.0,35815926942,27340079,707,1164.0,1193.0
1491,2022-12-26,1195.0,1241.0,1195.0,1234.0,59698779019,43743386,763,1182.0,1241.0
1492,2022-12-28,1295.0,1295.0,1295.0,1269.0,25286729464,17646008,278,1234.0,1295.0
1493,2022-12-31,1332.0,1332.0,1308.0,1332.0,209372944819,142044847,2016,1269.0,1332.0
1494,2023-01-01,1312.0,1374.0,1266.0,1308.0,49154710729,33974096,1189,1332.0,1282.0
1495,2023-01-02,1265.0,1373.0,1265.0,1352.0,111944990969,74841392,1546,1308.0,1373.0
1496,2023-01-03,1373.0,1418.0,1293.0,1349.0,38232065632,25623942,907,1352.0,1316.0
1497,2023-01-04,1346.0,1346.0,1283.0,1285.0,73649995697,51779663,1097,1349.0,1287.0
1498,2023-01-07,1283.0,1320.0,1247.0,1277.0,59497129739,42115609,1027,1285.0,1285.0
1499,2023-01-08,1279.0,1340.0,1279.0,1325.0,48539320621,33120288,840,1277.0,1312.0
1500,2023-01-09,1327.0,1349.0,1283.0,1308.0,66890505573,46216078,886,1325.0,1302.0
1501,2023-01-10,1293.0,1332.0,1258.0,1288.0,43217941221,30328728,816,1308.0,1279.0
1502,2023-01-11,1266.0,1352.0,1241.0,1331.0,77213042688,52447821,1129,1288.0,1325.0
1503,2023-01-14,1328.0,1339.0,1275.0,1305.0,33623277830,23413317,546,1331.0,1311.0
1504,2023-01-16,1288.0,1370.0,1288.0,1357.0,103982923137,69270514,1160,1305.0,1370.0
1505,2023-01-17,1401.0,1425.0,1373.0,1423.0,139497530448,88601230,1226,1357.0,1425.0
1506,2023-01-18,1428.0,1493.0,1376.0,1467.0,178401876182,109929123,2303,1423.0,1492.0
1507,2023-01-21,1455.0,1528.0,1394.0,1438.0,39595048683,24989295,821,1467.0,1424.0
1508,2023-01-22,1445.0,1462.0,1375.0,1393.0,36577218691,23730280,650,1438.0,1388.0
1509,2023-01-23,1357.0,1436.0,1325.0,1355.0,55571290651,37082100,823,1393.0,1365.0
1510,2023-01-24,1383.0,1383.0,1315.0,1327.0,21876907618,14897998,536,1355.0,1319.0
1511,2023-01-25,1358.0,1391.0,1284.0,1341.0,67340073198,45376943,1405,1327.0,1385.0
1512,2023-01-28,1408.0,1408.0,1358.0,1408.0,276688111260,177638911,2510,1341.0,1408.0
1513,2023-01-29,1464.0,1464.0,1339.0,1362.0,180150257238,119514185,2680,1408.0,1376.0
1514,2023-01-30,1320.0,1401.0,1294.0,1308.0,131236637893,90706896,1919,1362.0,1324.0
1515,2023-01-31,1302.0,1345.0,1244.0,1284.0,61610191959,43347951,1358,1308.0,1287.0
1516,2023-02-01,1285.0,1328.0,1247.0,1276.0,65910800591,46683120,1313,1284.0,1283.0
1517,2023-02-05,1248.0,1265.0,1213.0,1215.0,34458332887,25630719,627,1276.0,1213.0
1518,2023-02-06,1155.0,1192.0,1154.0,1160.0,64907467770,50599296,1402,1215.0,1181.0
1519,2023-02-07,1187.0,1218.0,1160.0,1215.0,60838869702,45267515,1026,1160.0,1218.0
1520,2023-02-08,1248.0,1275.0,1216.0,1261.0,57238651407,41017391,1143,1215.0,1250.0
1521,2023-02-12,1221.0,1323.0,1221.0,1265.0,53134702958,37982727,1047,1261.0,1231.0
1522,2023-02-13,1256.0,1261.0,1202.0,1214.0,49899258554,37168561,1232,1265.0,1207.0
1523,2023-02-14,1219.0,1219.0,1162.0,1177.0,22692064696,17424139,680,1214.0,1168.0
1524,2023-02-15,1166.0,1222.0,1139.0,1176.0,54044285245,41544020,1170,1177.0,1166.0
1525,2023-02-19,1157.0,1220.0,1157.0,1183.0,36969325899,28245719,707,1176.0,1193.0
1526,2023-02-20,1194.0,1242.0,1194.0,1242.0,267305115752,194602201,2363,1183.0,1242.0
1527,2023-02-21,1283.0,1303.0,1247.0,1302.0,55105567652,38230893,590,1242.0,1303.0
1528,2023-02-22,1312.0,1368.0,1275.0,1359.0,141821477762,94293141,1769,1302.0,1368.0
1529,2023-02-25,1392.0,1427.0,1359.0,1411.0,191895334760,122948363,2333,1359.0,1427.0
1530,2023-02-26,1431.0,1481.0,1356.0,1425.0,100303662209,63650392,1561,1411.0,1380.0
1531,2023-02-27,1400.0,1412.0,1355.0,1379.0,103613625993,67889852,1345,1425.0,1406.0
1532,2023-02-28,1392.0,1427.0,1356.0,1387.0,73908109242,48185116,1221,1379.0,1389.0
1533,2023-03-01,1393.0,1455.0,1392.0,1429.0,84079204987,53170817,1421,1387.0,1435.0
1534,2023-03-04,1452.0,1455.0,1424.0,1431.0,106535737303,67315169,1028,1429.0,1429.0
1535,2023-03-05,1431.0,1481.0,1431.0,1438.0,40744033488,25610412,662,1431.0,1437.0
1536,2023-03-06,1445.0,1445.0,1396.0,1428.0,51446572118,32556600,710,1438.0,1401.0
1537,2023-03-07,1441.0,1484.0,1383.0,1456.0,53604053224,33280048,1029,1428.0,1456.0
1538,2023-03-11,1457.0,1528.0,1433.0,1503.0,77263764109,46463443,1180,1456.0,1519.0
1539,2023-03-12,1456.0,1503.0,1428.0,1436.0,34133758688,21482824,729,1503.0,1428.0
1540,2023-03-13,1392.0,1472.0,1392.0,1427.0,37024327029,23450978,911,1436.0,1418.0
1541,2023-03-14,1385.0,1481.0,1385.0,1434.0,89060638817,56134186,2004,1427.0,1455.0
1542,2023-03-19,1463.0,1505.0,1463.0,1486.0,5365533892,3320848,156,1434.0,1485.0
1543,2023-03-25,1552.0,1552.0,1476.0,1501.0,29292925430,17949424,646,1486.0,1502.0
1544,2023-03-26,1503.0,1503.0,1434.0,1462.0,21054243601,13242905,421,1501.0,1465.0
1545,2023-03-28,1471.0,1518.0,1471.0,1485.0,28555658908,17210078,797,1462.0,1491.0
1546,2023-03-29,1491.0,1559.0,1491.0,1535.0,73722083541,42982095,1153,1485.0,1535.0
1547,2023-04-03,1535.0,1612.0,1523.0,1597.0,58612857386,32858970,893,1535.0,1612.0
1548,2023-04-04,1607.0,1638.0,1534.0,1586.0,45955131335,25938897,1133,1597.0,1593.0
1549,2023-04-05,1586.0,1603.0,1541.0,1584.0,35710203491,20188896,835,1586.0,1600.0
1550,2023-04-08,1594.0,1638.0,1543.0,1610.0,95488682449,53095745,1530,1584.0,1580.0
1551,2023-04-09,1603.0,1621.0,1566.0,1590.0,45831944243,25809726,967,1610.0,1590.0
1552,2023-04-10,1590.0,1638.0,1514.0,1587.0,62274761169,35131296,1073,1590.0,1531.0
1553,2023-04-11,1524.0,1603.0,1522.0,1561.0,34115559390,19558777,810,1587.0,1601.0
1554,2023-04-15,1567.0,1639.0,1567.0,1624.0,50904781559,28062985,1016,1561.0,1620.0
1555,2023-04-16,1621.0,1705.0,1621.0,1686.0,128116636983,68055860,1682,1624.0,1705.0
1556,2023-04-17,1727.0,1755.0,1694.0,1732.0,109095576338,56394185,1332,1686.0,1734.0
1557,2023-04-18,1732.0,1818.0,1732.0,1806.0,138302873892,68578250,1660,1732.0,1795.0
1558,2023-04-19,1793.0,1817.0,1728.0,1763.0,64055610834,32527069,1293,1806.0,1752.0
1559,2023-04-24,1763.0,1763.0,1684.0,1721.0,74534211639,38789234,1442,1763.0,1713.0
1560,2023-04-25,1701.0,1767.0,1683.0,1717.0,74887652692,39052997,1322,1721.0,1689.0
1561,2023-04-26,1717.0,1717.0,1665.0,1687.0,52275645983,27742230,918,1717.0,1679.0
1562,2023-04-29,1686.0,1736.0,1656.0,1694.0,51236156242,27084205,1002,1687.0,1690.0
1563,2023-04-30,1694.0,1745.0,1690.0,1714.0,78150431654,40833885,1206,1694.0,1713.0
1564,2023-05-01,1719.0,1741.0,1674.0,1709.0,51827368887,27144346,1049,1714.0,1721.0
1565,2023-05-02,1701.0,1786.0,1692.0,1744.0,98191833341,50410547,1540,1709.0,1771.0
1566,2023-05-03,1788.0,1831.0,1788.0,1824.0,255870779091,125599888,3271,1744.0,1831.0
1567,2023-05-06,1824.0,1853.0,1787.0,1811.0,107893302149,53335318,2059,1824.0,1810.0
1568,2023-05-07,1811.0,1811.0,1721.0,1733.0,25504642635,13174570,479,1811.0,1721.0
1569,2023-05-08,1647.0,1647.0,1647.0,1647.0,79673264080,43300687,758,1733.0,1647.0
1570,2023-05-09,1565.0,1612.0,1565.0,1573.0,65470805493,37266081,1183,1647.0,1577.0
1571,2023-05-10,1526.0,1609.0,1495.0,1505.0,48474046543,28829979,769,1573.0,1495.0
1572,2023-05-13,1431.0,1468.0,1430.0,1432.0,37366030501,23356203,644,1505.0,1431.0
1573,2023-05-14,1439.0,1504.0,1424.0,1470.0,32589062267,19841145,787,1432.0,1495.0
1574,2023-05-15,1512.0,1512.0,1397.0,1450.0,21357127296,13185334,628,1470.0,1475.0
1575,2023-05-17,1468.0,1523.0,1467.0,1510.0,33914480268,20102360,684,1450.0,1523.0
1576,2023-05-20,1540.0,1562.0,1482.0,1520.0,16007994446,9429111,562,1510.0,1518.0
1577,2023-05-21,1544.0,1553.0,1464.0,1531.0,20531890460,12009050,484,1520.0,1523.0
1578,2023-05-22,1553.0,1576.0,1486.0,1517.0,25498104475,15052683,640,1531.0,1522.0
1579,2023-05-23,1523.0,1574.0,1508.0,1534.0,31142684323,18183003,700,1517.0,1531.0
1580,2023-05-24,1522.0,1610.0,1501.0,1603.0,59303826975,33139403,930,1534.0,1610.0
1581,2023-05-27,1629.0,1663.0,1550.0,1603.0,44710723634,24979695,956,1603.0,1604.0
1582,2023-05-28,1553.0,1585.0,1523.0,1525.0,46194319793,27126165,716,1603.0,1524.0
1583,2023-05-29,1483.0,1560.0,1477.0,1513.0,17010487849,10062573,516,1525.0,1508.0
1584,2023-05-30,1513.0,1546.0,1479.0,1519.0,17062321711,10053592,601,1513.0,1528.0
1585,2023-05-31,1497.0,1567.0,1497.0,1532.0,12598533230,7365068,327,1519.0,1555.0
1586,2023-06-03,1532.0,1607.0,1532.0,1571.0,13414798952,7643703,375,1532.0,1551.0
1587,2023-06-06,1513.0,1617.0,1513.0,1592.0,21921368120,12331785,444,1571.0,1598.0
1588,2023-06-07,1643.0,1643.0,1523.0,1549.0,17960748928,10379133,532,1592.0,1575.0
1589,2023-06-10,1549.0,1549.0,1472.0,1475.0,30746458370,18658186,580,1549.0,1472.0
1590,2023-06-11,1455.0,1487.0,1432.0,1460.0,22295891463,13671707,623,1475.0,1477.0
1591,2023-06-12,1460.0,1494.0,1388.0,1413.0,29125948005,18453250,662,1460.0,1441.0
1592,2023-06-13,1413.0,1431.0,1390.0,1409.0,7616017101,4839515,269,1413.0,1424.0
1593,2023-06-14,1409.0,1479.0,1390.0,1449.0,16424571547,10151819,373,1409.0,1465.0
1594,2023-06-17,1422.0,1518.0,1415.0,1459.0,26470070991,16234370,634,1449.0,1494.0
1595,2023-06-18,1468.0,1520.0,1459.0,1489.0,14940445758,8985671,390,1459.0,1495.0
1596,2023-06-19,1540.0,1563.0,1490.0,1561.0,67947457728,38978130,692,1489.0,1563.0
1597,2023-06-20,1585.0,1638.0,1576.0,1609.0,47781500322,26583735,863,1561.0,1621.0
1598,2023-06-21,1647.0,1647.0,1568.0,1593.0,32754031790,18409143,658,1609.0,1569.0
1599,2023-06-24,1551.0,1612.0,1518.0,1547.0,14617807269,8461174,510,1593.0,1571.0
1600,2023-06-25,1549.0,1605.0,1547.0,1561.0,10001959956,5734474,308,1547.0,1552.0
1601,2023-06-26,1527.0,1599.0,1527.0,1564.0,8504134371,4868290,227,1561.0,1574.0
1602,2023-06-27,1534.0,1552.0,1522.0,1527.0,9631305164,5645914,266,1564.0,1523.0
1603,2023-06-28,1487.0,1531.0,1487.0,1518.0,10780449578,6360196,315,1527.0,1531.0
1604,2023-07-01,1518.0,1566.0,1504.0,1531.0,8241658150,4819174,274,1518.0,1535.0
1605,2023-07-02,1540.0,1571.0,1522.0,1557.0,11528980506,6630708,282,1531.0,1567.0
1606,2023-07-03,1576.0,1585.0,1540.0,1561.0,9674038934,5546867,258,1557.0,1571.0
1607,2023-07-04,1562.0,1624.0,1562.0,1595.0,16927512018,9502386,332,1561.0,1605.0
1608,2023-07-05,1638.0,1638.0,1594.0,1606.0,17159851406,9565884,359,1595.0,1608.0
1609,2023-07-08,1558.0,1608.0,1553.0,1573.0,13486168909,7674667,364,1606.0,1576.0
1610,2023-07-09,1628.0,1628.0,1563.0,1590.0,15348339742,8642678,377,1573.0,1582.0
1611,2023-07-10,1602.0,1602.0,1530.0,1546.0,10557107959,6112160,251,1590.0,1547.0
1612,2023-07-11,1567.0,1567.0,1469.0,1489.0,16061428356,9655921,428,1546.0,1469.0
1613,2023-07-12,1491.0,1491.0,1415.0,1417.0,23878517156,15088119,433,1489.0,1425.0
1614,2023-07-15,1450.0,1476.0,1410.0,1439.0,5227254591,3252773,190,1417.0,1424.0
1615,2023-07-16,1398.0,1452.0,1374.0,1390.0,7402864430,4768822,226,1439.0,1388.0
1616,2023-07-17,1377.0,1377.0,1321.0,1324.0,19284969276,13043114,356,1390.0,1359.0
1617,2023-07-18,1376.0,1387.0,1325.0,1365.0,4864779469,3189334,200,1324.0,1379.0
1618,2023-07-19,1419.0,1433.0,1370.0,1411.0,7046195026,4470927,193,1365.0,1405.0
1619,2023-07-22,1427.0,1427.0,1341.0,1355.0,7386041066,4881114,268,1411.0,1361.0
1620,2023-07-23,1410.0,1410.0,1343.0,1362.0,5776367771,3798799,230,1355.0,1360.0
1621,2023-07-24,1396.0,1396.0,1349.0,1366.0,4778770321,3132458,186,1362.0,1362.0
1622,2023-07-25,1396.0,1415.0,1364.0,1392.0,6101713016,3923263,214,1366.0,1397.0
1623,2023-07-26,1428.0,1428.0,1373.0,1399.0,2965024257,1897320,110,1392.0,1414.0
1624,2023-07-29,1371.0,1414.0,1347.0,1371.0,13634645184,8906378,294,1399.0,1392.0
1625,2023-07-30,1401.0,1406.0,1305.0,1321.0,7492210119,5078004,296,1371.0,1363.0
1626,2023-07-31,1356.0,1356.0,1298.0,1328.0,3360102055,2266312,179,1321.0,1343.0
1627,2023-08-01,1356.0,1361.0,1308.0,1329.0,6283075530,4234428,234,1328.0,1342.0
1628,2023-08-05,1329.0,1362.0,1326.0,1347.0,5829235408,3874915,189,1329.0,1361.0
1629,2023-08-06,1361.0,1412.0,1361.0,1385.0,5728612022,3702525,244,1347.0,1404.0
1630,2023-08-07,1422.0,1454.0,1415.0,1452.0,35566812005,21921102,645,1385.0,1450.0
1631,2023-08-08,1485.0,1502.0,1432.0,1471.0,32970780231,20071973,724,1452.0,1455.0
1632,2023-08-09,1471.0,1479.0,1398.0,1435.0,35881687178,22387422,605,1471.0,1439.0
1633,2023-08-12,1432.0,1432.0,1364.0,1367.0,16684028832,10924590,301,1435.0,1382.0
1634,2023-08-13,1353.0,1407.0,1343.0,1376.0,4905860798,3191420,187,1367.0,1370.0
1635,2023-08-14,1391.0,1406.0,1344.0,1373.0,4556363037,2969385,152,1376.0,1373.0
1636,2023-08-15,1387.0,1387.0,1305.0,1328.0,8353235428,5634300,292,1373.0,1351.0
1637,2023-08-16,1330.0,1373.0,1317.0,1358.0,13086088480,8626676,327,1328.0,1368.0
1638,2023-08-19,1409.0,1409.0,1335.0,1372.0,6847128554,4470235,330,1358.0,1383.0
1639,2023-08-20,1372.0,1405.0,1312.0,1378.0,4824891657,3135464,197,1372.0,1397.0
1640,2023-08-21,1388.0,1406.0,1358.0,1387.0,5867472681,3788548,205,1378.0,1398.0
1641,2023-08-22,1413.0,1413.0,1347.0,1371.0,3986696896,2603622,166,1387.0,1386.0
1642,2023-08-23,1321.0,1395.0,1321.0,1377.0,7433896243,4834808,152,1371.0,1386.0
1643,2023-08-26,1397.0,1424.0,1397.0,1412.0,4197104525,2661772,123,1377.0,1397.0
1644,2023-08-27,1481.0,1481.0,1441.0,1456.0,4249050643,2613737,152,1412.0,1461.0
1645,2023-08-28,1467.0,1468.0,1425.0,1451.0,9709094595,5990148,289,1456.0,1462.0
1646,2023-08-29,1397.0,1486.0,1397.0,1449.0,7493200730,4630399,221,1451.0,1455.0
1647,2023-08-30,1401.0,1467.0,1401.0,1436.0,7279175775,4536825,265,1449.0,1464.0
1648,2023-09-02,1481.0,1481.0,1432.0,1449.0,3563081685,2201053,179,1436.0,1459.0
1649,2023-09-03,1477.0,1477.0,1424.0,1448.0,10335691503,6390938,220,1449.0,1458.0
1650,2023-09-04,1432.0,1468.0,1418.0,1440.0,9054124735,5632042,272,1448.0,1452.0
1651,2023-09-05,1444.0,1465.0,1441.0,1454.0,2173614307,1338330,73,1440.0,1462.0
1652,2023-09-09,1477.0,1477.0,1398.0,1432.0,5791083811,3620372,178,1454.0,1417.0
1653,2023-09-10,1417.0,1458.0,1413.0,1437.0,6247296206,3891968,191,1432.0,1441.0
1654,2023-09-11,1445.0,1452.0,1412.0,1437.0,6465721935,4029066,203,1437.0,1447.0
1655,2023-09-12,1450.0,1450.0,1421.0,1436.0,4388506170,2735173,98,1437.0,1443.0
1656,2023-09-13,1425.0,1445.0,1419.0,1434.0,5403012717,3372964,134,1436.0,1439.0
1657,2023-09-17,1449.0,1458.0,1426.0,1444.0,6641487664,4118288,167,1434.0,1449.0
1658,2023-09-18,1446.0,1457.0,1428.0,1439.0,6077338060,3781853,185,1444.0,1448.0
1659,2023-09-19,1432.0,1458.0,1415.0,1430.0,6197831895,3881141,150,1439.0,1441.0
1660,2023-09-20,1432.0,1450.0,1413.0,1424.0,4413292518,2773575,121,1430.0,1432.0
1661,2023-09-23,1432.0,1446.0,1397.0,1432.0,2168712322,1355268,86,1424.0,1441.0
1662,2023-09-25,1449.0,1449.0,1406.0,1421.0,3157142767,1989490,115,1432.0,1416.0
1663,2023-09-26,1416.0,1440.0,1415.0,1430.0,2463947124,1543274,90,1421.0,1431.0
1664,2023-09-27,1433.0,1441.0,1419.0,1431.0,3029585856,1896424,106,1430.0,1437.0
1665,2023-09-30,1432.0,1432.0,1397.0,1420.0,8161559679,5147452,194,1431.0,1424.0
1666,2023-10-01,1424.0,1427.0,1401.0,1412.0,4616522913,2928156,129,1420.0,1421.0
1667,2023-10-02,1432.0,1441.0,1398.0,1419.0,7660508526,4833864,202,1412.0,1419.0
1668,2023-10-04,1432.0,1445.0,1432.0,1439.0,7729714892,4810469,177,1419.0,1433.0
1669,2023-10-07,1441.0,1458.0,1433.0,1449.0,11345639862,7012996,317,1439.0,1455.0
1670,2023-10-08,1459.0,1459.0,1418.0,1440.0,15634565869,9725267,293,1449.0,1432.0
1671,2023-10-09,1437.0,1458.0,1374.0,1438.0,13863356654,8631161,248,1440.0,1446.0
1672,2023-10-10,1449.0,1455.0,1434.0,1445.0,6528553362,4045848,161,1438.0,1454.0
1673,2023-10-11,1448.0,1467.0,1443.0,1448.0,3535440312,2185888,113,1445.0,1450.0
1674,2023-10-14,1450.0,1451.0,1441.0,1447.0,12965030354,8021049,293,1448.0,1449.0
1675,2023-10-15,1446.0,1461.0,1427.0,1437.0,42369050939,26398062,528,1447.0,1445.0
1676,2023-10-16,1457.0,1476.0,1424.0,1443.0,29368963974,18218542,466,1437.0,1471.0
1677,2023-10-17,1461.0,1515.0,1436.0,1513.0,32409123896,19175883,329,1443.0,1515.0
1678,2023-10-18,1527.0,1588.0,1524.0,1577.0,93783151592,53240767,1378,1513.0,1588.0
1679,2023-10-21,1589.0,1655.0,1538.0,1630.0,56144003775,30829242,971,1577.0,1605.0
1680,2023-10-22,1585.0,1626.0,1557.0,1579.0,25007767722,14177313,523,1630.0,1561.0
1681,2023-10-23,1513.0,1603.0,1513.0,1539.0,13452908687,7825938,423,1579.0,1549.0
1682,2023-10-24,1560.0,1560.0,1463.0,1479.0,26444432551,16003169,425,1539.0,1463.0
1683,2023-10-25,1420.0,1506.0,1419.0,1467.0,8334220801,5086000,291,1479.0,1455.0
1684,2023-10-28,1395.0,1424.0,1395.0,1395.0,18364103615,11783361,308,1467.0,1397.0
1685,2023-10-29,1395.0,1437.0,1385.0,1412.0,5905986807,3745214,127,1395.0,1419.0
1686,2023-10-30,1424.0,1465.0,1424.0,1443.0,5370025846,3331804,137,1412.0,1449.0
1687,2023-10-31,1409.0,1473.0,1409.0,1458.0,10093979890,6196906,248,1443.0,1459.0
1688,2023-11-01,1509.0,1509.0,1437.0,1452.0,7693086854,4742103,236,1458.0,1459.0
1689,2023-11-04,1504.0,1524.0,1464.0,1509.0,11854910248,7031926,334,1452.0,1524.0
1690,2023-11-05,1514.0,1567.0,1512.0,1535.0,9078205291,5293307,241,1509.0,1544.0
1691,2023-11-06,1540.0,1612.0,1540.0,1591.0,22737091145,12796044,376,1535.0,1602.0
1692,2023-11-07,1612.0,1627.0,1553.0,1578.0,14219009463,8071035,402,1591.0,1559.0
1693,2023-11-08,1586.0,1586.0,1499.0,1515.0,25394869756,15008873,552,1578.0,1538.0
1694,2023-11-11,1567.0,1567.0,1509.0,1523.0,7521959668,4422002,271,1515.0,1518.0
1695,2023-11-12,1500.0,1540.0,1500.0,1518.0,13694713766,8073516,365,1523.0,1528.0
1696,2023-11-13,1548.0,1548.0,1477.0,1509.0,14823692460,8794878,362,1518.0,1520.0
1697,2023-11-14,1515.0,1518.0,1497.0,1509.0,4736442247,2811717,176,1509.0,1513.0
1698,2023-11-15,1542.0,1542.0,1478.0,1500.0,5164689219,3083041,166,1509.0,1504.0
1699,2023-11-18,1544.0,1544.0,1492.0,1505.0,3471511500,2065030,99,1500.0,1503.0
1700,2023-11-19,1546.0,1546.0,1486.0,1513.0,5047913433,2987706,165,1505.0,1505.0
1701,2023-11-20,1521.0,1522.0,1486.0,1501.0,4062989446,2423660,164,1513.0,1513.0
1702,2023-11-21,1547.0,1547.0,1494.0,1501.0,9453321797,5637287,265,1501.0,1511.0
1703,2023-11-22,1522.0,1522.0,1471.0,1492.0,6491645306,3894069,235,1501.0,1512.0
1704,2023-11-25,1527.0,1527.0,1479.0,1495.0,4597964568,2753339,194,1492.0,1511.0
1705,2023-11-26,1520.0,1520.0,1488.0,1496.0,2278859617,1363372,113,1495.0,1496.0
1706,2023-11-27,1513.0,1547.0,1479.0,1507.0,2058607701,1223166,59,1496.0,1501.0
1707,2023-11-28,1442.0,1582.0,1442.0,1571.0,59076924995,33652665,603,1507.0,1582.0
1708,2023-11-29,1620.0,1620.0,1540.0,1584.0,28717343653,16235194,514,1571.0,1570.0
1709,2023-12-02,1578.0,1601.0,1538.0,1572.0,18552920889,10567327,442,1584.0,1584.0
1710,2023-12-03,1572.0,1589.0,1552.0,1574.0,6581049485,3743755,201,1572.0,1583.0
1711,2023-12-04,1611.0,1611.0,1558.0,1568.0,9284854755,5301473,213,1574.0,1574.0
1712,2023-12-05,1624.0,1624.0,1550.0,1569.0,10670680353,6089901,199,1568.0,1575.0
1713,2023-12-06,1599.0,1613.0,1522.0,1555.0,8628086431,4966882,262,1569.0,1569.0
1714,2023-12-09,1584.0,1584.0,1506.0,1561.0,6528108993,3745302,175,1555.0,1569.0
1715,2023-12-10,1568.0,1568.0,1529.0,1539.0,3906126410,2272721,176,1561.0,1548.0
1716,2023-12-11,1557.0,1557.0,1505.0,1536.0,9029335114,5262956,230,1539.0,1540.0
1717,2023-12-12,1566.0,1566.0,1515.0,1527.0,8129968306,4766543,188,1536.0,1537.0
1718,2023-12-13,1552.0,1552.0,1496.0,1527.0,4987582175,2924043,140,1527.0,1521.0
1719,2023-12-16,1547.0,1547.0,1497.0,1519.0,13680847823,8063791,233,1527.0,1530.0
1720,2023-12-18,1560.0,1560.0,1519.0,1546.0,8068592971,4671854,186,1519.0,1527.0
1721,2023-12-19,1559.0,1578.0,1528.0,1553.0,8860871044,5107973,229,1546.0,1553.0
1722,2023-12-20,1552.0,1589.0,1549.0,1563.0,3612803286,2068779,140,1553.0,1585.0
1723,2023-12-23,1602.0,1602.0,1545.0,1577.0,17906280984,10165953,329,1563.0,1584.0
1724,2023-12-24,1603.0,1655.0,1567.0,1652.0,93933682227,50904244,1404,1577.0,1649.0
1725,2023-12-25,1655.0,1689.0,1612.0,1642.0,19555081570,10663727,475,1652.0,1652.0
1726,2023-12-26,1655.0,1655.0,1575.0,1597.0,14511213570,8135648,377,1642.0,1580.0
1727,2023-12-27,1567.0,1621.0,1567.0,1591.0,4687300382,2637198,157,1597.0,1609.0
1728,2023-12-30,1569.0,1612.0,1542.0,1569.0,12059261632,6884311,295,1591.0,1569.0
1729,2024-01-08,1646.0,1646.0,1544.0,1578.0,7761025973,4401298,158,1569.0,1612.0
1730,2024-01-09,1576.0,1621.0,1567.0,1583.0,13348870304,7550416,261,1578.0,1584.0
1731,2024-01-10,1615.0,1621.0,1583.0,1589.0,9669436603,5446144,215,1583.0,1591.0
1732,2024-01-13,1610.0,1668.0,1589.0,1638.0,25819150372,14115768,524,1589.0,1629.0
1733,2024-01-14,1655.0,1719.0,1629.0,1715.0,131326729169,68581554,1222,1638.0,1719.0
1734,2024-01-15,1753.0,1777.0,1677.0,1722.0,34490270642,17933863,719,1715.0,1735.0
1735,2024-01-16,1722.0,1768.0,1672.0,1723.0,29077777381,15113366,573,1722.0,1763.0
1736,2024-01-17,1737.0,1782.0,1674.0,1743.0,16476931026,8464640,387,1723.0,1723.0
1737,2024-01-20,1690.0,1756.0,1688.0,1733.0,24535416765,12671021,348,1743.0,1730.0
1738,2024-01-21,1657.0,1746.0,1656.0,1693.0,19932864594,10541549,385,1733.0,1710.0
1739,2024-01-22,1683.0,1739.0,1676.0,1701.0,6769934454,3563033,178,1693.0,1676.0
1740,2024-01-23,1701.0,1726.0,1616.0,1653.0,27200325539,14736256,423,1701.0,1650.0
1741,2024-01-24,1621.0,1673.0,1604.0,1624.0,25879229346,14263680,351,1653.0,1636.0
1742,2024-01-27,1612.0,1705.0,1612.0,1697.0,39434343318,20794847,419,1624.0,1705.0
1743,2024-01-28,1705.0,1740.0,1667.0,1696.0,17655823085,9322820,314,1697.0,1692.0
1744,2024-01-29,1645.0,1724.0,1645.0,1672.0,15184801430,8128016,297,1696.0,1649.0
1745,2024-01-30,1631.0,1674.0,1621.0,1640.0,3412239530,1862622,125,1672.0,1648.0
1746,2024-01-31,1617.0,1646.0,1603.0,1615.0,14711257110,8154209,295,1640.0,1626.0
1747,2024-02-03,1567.0,1696.0,1567.0,1688.0,34957164272,18545583,453,1615.0,1696.0
1748,2024-02-04,1757.0,1757.0,1710.0,1723.0,28432683006,14779534,330,1688.0,1731.0
1749,2024-02-05,1719.0,1770.0,1719.0,1744.0,15005257616,7703898,240,1723.0,1728.0
1750,2024-02-06,1744.0,1755.0,1691.0,1736.0,13887597673,7163987,218,1744.0,1737.0
1751,2024-02-07,1758.0,1758.0,1689.0,1708.0,4117219858,2157828,109,1736.0,1698.0
1752,2024-02-10,1682.0,1728.0,1658.0,1703.0,8927302076,4693223,223,1708.0,1709.0
1753,2024-02-12,1652.0,1743.0,1652.0,1697.0,3654472799,1927011,107,1703.0,1683.0
1754,2024-02-13,1683.0,1706.0,1683.0,1697.0,5944515954,3136845,135,1697.0,1702.0
1755,2024-02-14,1692.0,1735.0,1683.0,1687.0,26124089208,13866785,278,1697.0,1719.0
1756,2024-02-17,1690.0,1743.0,1632.0,1657.0,14927274760,8066139,219,1687.0,1648.0
1757,2024-02-18,1696.0,1712.0,1653.0,1693.0,33839031634,17899497,390,1657.0,1697.0
1758,2024-02-19,1683.0,1737.0,1683.0,1718.0,9600371190,5003928,165,1693.0,1718.0
1759,2024-02-20,1701.0,1764.0,1701.0,1719.0,101166095455,52680834,734,1718.0,1724.0
1760,2024-02-21,1706.0,1746.0,1706.0,1730.0,10618553818,5495187,308,1719.0,1738.0
1761,2024-02-24,1693.0,1750.0,1693.0,1729.0,14915694365,7722383,275,1730.0,1731.0
1762,2024-02-26,1684.0,1737.0,1684.0,1715.0,28799352118,15027788,326,1729.0,1735.0
1763,2024-02-27,1665.0,1768.0,1665.0,1727.0,12844518764,6657728,274,1715.0,1755.0
1764,2024-02-28,1710.0,1769.0,1710.0,1747.0,16279557139,8343198,268,1727.0,1763.0
1765,2024-03-02,1750.0,1786.0,1723.0,1761.0,14949168230,7601114,263,1747.0,1786.0
1766,2024-03-03,1728.0,1788.0,1728.0,1759.0,19576850315,9964647,373,1761.0,1763.0
1767,2024-03-04,1760.0,1773.0,1728.0,1752.0,21279836767,10871139,330,1759.0,1749.0
1768,2024-03-05,1746.0,1782.0,1742.0,1764.0,30954646741,15715640,451,1752.0,1747.0
1769,2024-03-06,1719.0,1778.0,1719.0,1760.0,13672758264,6955438,207,1764.0,1764.0
1770,2024-03-10,1737.0,1813.0,1737.0,1772.0,21522371971,10874404,348,1760.0,1787.0
1771,2024-03-11,1746.0,1809.0,1746.0,1774.0,97624579065,49282695,789,1772.0,1809.0
1772,2024-03-17,1720.0,1861.0,1708.0,1847.0,16802106740,8236054,228,1774.0,1822.0
1773,2024-03-18,1811.0,1892.0,1802.0,1862.0,21058285996,10235315,305,1847.0,1875.0
1774,2024-03-24,1817.0,1900.0,1817.0,1862.0,46847630614,22777013,445,1862.0,1874.0
1775,2024-03-25,1829.0,1901.0,1829.0,1872.0,11967692772,5787914,230,1862.0,1883.0
1776,2024-03-26,1859.0,1889.0,1857.0,1880.0,3976168919,1914690,92,1872.0,1883.0
1777,2024-03-27,1847.0,1941.0,1847.0,1904.0,11753806166,5589307,307,1880.0,1928.0
1778,2024-03-30,1919.0,1947.0,1878.0,1922.0,7534265116,3548509,195,1904.0,1947.0
1779,2024-04-02,1865.0,2018.0,1865.0,2004.0,69493308045,31384783,747,1922.0,2018.0
1780,2024-04-03,1930.0,2045.0,1930.0,1999.0,10981107179,4972538,293,2004.0,1989.0
1781,2024-04-06,1937.0,2037.0,1918.0,1985.0,17143535734,7819749,382,1999.0,1925.0
1782,2024-04-07,2042.0,2042.0,1906.0,1969.0,15491215042,7122730,379,1985.0,1981.0
1783,2024-04-08,1910.0,1974.0,1872.0,1901.0,11537365188,5495165,560,1969.0,1906.0
1784,2024-04-09,1838.0,1955.0,1838.0,1917.0,9332549664,4407960,204,1901.0,1887.0
1785,2024-04-13,1865.0,1897.0,1822.0,1825.0,12720175004,6309559,149,1917.0,1822.0
1786,2024-04-14,1807.0,1807.0,1807.0,1807.0,401944500,201375,13,1825.0,1807.0
1787,2024-04-15,1790.0,1824.0,1790.0,1813.0,6984261170,3488737,137,1807.0,1806.0
1788,2024-04-16,1794.0,1794.0,1794.0,1794.0,361889416,182588,9,1813.0,1794.0
1789,2024-04-17,1777.0,1794.0,1777.0,1777.0,12410149925,6321992,151,1794.0,1777.0
1790,2024-04-20,1802.0,1866.0,1756.0,1805.0,23622487144,11849329,299,1777.0,1820.0
1791,2024-04-21,1723.0,1838.0,1723.0,1785.0,7911382936,4011181,245,1805.0,1772.0
1792,2024-04-22,1775.0,1829.0,1735.0,1794.0,12858076271,6490369,276,1785.0,1785.0
1793,2024-04-23,1765.0,1812.0,1748.0,1774.0,5665556813,2892028,227,1794.0,1751.0
1794,2024-04-24,1765.0,1811.0,1765.0,1784.0,2166633582,1099642,103,1774.0,1777.0
1795,2024-04-27,1775.0,1803.0,1748.0,1770.0,6299228749,3222287,123,1784.0,1786.0
1796,2024-04-28,1765.0,1765.0,1721.0,1726.0,8742239483,4585686,271,1770.0,1729.0
1797,2024-04-29,1729.0,1792.0,1720.0,1746.0,8015404621,4154199,176,1726.0,1736.0
1798,2024-04-30,1720.0,1792.0,1720.0,1761.0,2550778160,1311578,86,1746.0,1748.0
1799,2024-05-01,1739.0,1770.0,1726.0,1748.0,10256906754,5311863,139,1761.0,1747.0
1800,2024-05-05,1720.0,1755.0,1675.0,1695.0,15383801308,8217280,350,1748.0,1720.0
1801,2024-05-06,1675.0,1719.0,1640.0,1670.0,2500070485,1355331,117,1695.0,1640.0
1802,2024-05-07,1614.0,1683.0,1614.0,1647.0,2165250648,1190678,96,1670.0,1625.0
1803,2024-05-08,1647.0,1709.0,1621.0,1660.0,9224161905,5030299,197,1647.0,1688.0
1804,2024-05-11,1613.0,1685.0,1613.0,1651.0,4929819981,2702767,143,1660.0,1660.0
1805,2024-05-12,1600.0,1674.0,1600.0,1650.0,3871129442,2124848,157,1651.0,1669.0
1806,2024-05-13,1639.0,1675.0,1585.0,1619.0,3089380879,1727500,129,1650.0,1620.0
1807,2024-05-14,1602.0,1675.0,1579.0,1623.0,9354107743,5216171,160,1619.0,1675.0
1808,2024-05-15,1598.0,1657.0,1598.0,1617.0,2227688434,1247294,90,1623.0,1630.0
1809,2024-05-18,1629.0,1641.0,1566.0,1597.0,4499473408,2550144,100,1617.0,1600.0
1810,2024-05-19,1563.0,1647.0,1563.0,1575.0,13437661259,7721434,173,1597.0,1629.0
1811,2024-05-21,1575.0,1590.0,1554.0,1575.0,1501257300,862712,71,1575.0,1587.0
1812,2024-06-11,1587.0,1587.0,1544.0,1550.0,29839285848,17807583,396,1575.0,1586.0
1813,2024-06-12,1521.0,1563.0,1521.0,1539.0,4099976460,2464070,168,1550.0,1554.0
1814,2024-06-15,1509.0,1538.0,1509.0,1514.0,5095834117,3112466,78,1539.0,1538.0
1815,2024-06-16,1485.0,1536.0,1485.0,1502.0,3650093846,2247659,95,1514.0,1536.0
1816,2024-06-24,1508.0,1532.0,1508.0,1531.0,5380232847,3250298,56,1502.0,1523.0
1817,2024-06-26,1561.0,1561.0,1528.0,1542.0,6242951889,3744725,75,1531.0,1559.0
1818,2024-06-29,1529.0,1572.0,1490.0,1538.0,4257359136,2560304,71,1542.0,1563.0
1819,2024-06-30,1538.0,1630.0,1538.0,1621.0,10804243547,6165446,209,1538.0,1606.0
1820,2024-07-01,1630.0,1702.0,1573.0,1633.0,7363401651,4172864,167,1621.0,1642.0
1821,2024-07-02,1637.0,1672.0,1637.0,1662.0,4451977354,2478092,121,1633.0,1671.0
1822,2024-07-03,1663.0,1674.0,1608.0,1635.0,3158132920,1787213,77,1662.0,1660.0
1823,2024-07-06,1656.0,1733.0,1656.0,1733.0,18598778353,9931860,206,1635.0,1733.0
1824,2024-07-07,1669.0,1757.0,1669.0,1722.0,12576289808,6755624,171,1733.0,1684.0
1825,2024-07-08,1684.0,1739.0,1667.0,1715.0,3909248963,2108475,132,1722.0,1722.0
1826,2024-07-09,1665.0,1721.0,1657.0,1672.0,7853792902,4342962,88,1715.0,1663.0
1827,2024-07-10,1749.0,1749.0,1658.0,1660.0,1311902587,731219,45,1672.0,1662.0
1828,2024-07-13,1582.0,1618.0,1582.0,1608.0,3185227533,1832851,65,1660.0,1584.0
1829,2024-07-14,1573.0,1693.0,1536.0,1623.0,1068886663,608989,70,1608.0,1631.0
1830,2024-07-17,1633.0,1701.0,1613.0,1665.0,2074424882,1152431,51,1623.0,1665.0
1831,2024-07-20,1609.0,1730.0,1605.0,1706.0,3916557003,2124331,137,1665.0,1702.0
1832,2024-07-21,1711.0,1738.0,1641.0,1671.0,6506025066,3601798,145,1706.0,1674.0
1833,2024-07-22,1680.0,1714.0,1631.0,1672.0,7276195209,4027333,435,1671.0,1672.0
1834,2024-07-23,1771.0,1771.0,1647.0,1679.0,17088910775,9415769,599,1672.0,1691.0
1835,2024-07-24,1693.0,1693.0,1631.0,1641.0,4776286761,2692443,89,1679.0,1661.0
1836,2024-07-27,1600.0,1684.0,1588.0,1656.0,2624751737,1466513,118,1641.0,1671.0
1837,2024-07-29,1665.0,1700.0,1591.0,1622.0,3838977532,2189372,172,1656.0,1591.0
1838,2024-07-30,1631.0,1668.0,1573.0,1598.0,5566372051,3222588,111,1622.0,1623.0
1839,2024-07-31,1530.0,1591.0,1502.0,1527.0,21125705316,12794370,212,1598.0,1582.0
1840,2024-08-03,1536.0,1536.0,1436.0,1437.0,2740094417,1763630,63,1527.0,1436.0
1841,2024-08-04,1424.0,1424.0,1424.0,1424.0,1081997028,703052,20,1437.0,1424.0
1842,2024-08-05,1436.0,1436.0,1410.0,1424.0,614686496,403168,20,1424.0,1410.0
1843,2024-08-06,1410.0,1435.0,1410.0,1424.0,1039128123,680151,45,1424.0,1428.0
1844,2024-08-10,1426.0,1426.0,1410.0,1424.0,1533188143,1004674,90,1424.0,1411.0
1845,2024-08-11,1424.0,1424.0,1410.0,1424.0,613602655,401822,36,1424.0,1410.0
1846,2024-08-12,1410.0,1410.0,1410.0,1424.0,339606636,222839,6,1424.0,1410.0
1847,2024-08-13,1410.0,1410.0,1410.0,1424.0,641177280,420720,4,1424.0,1410.0
1848,2024-08-14,1410.0,1437.0,1410.0,1422.0,7860026376,5141130,220,1424.0,1424.0
1849,2024-08-17,1442.0,1448.0,1420.0,1422.0,3766383180,2448558,66,1422.0,1434.0
1850,2024-08-18,1425.0,1443.0,1397.0,1422.0,832391104,543285,46,1422.0,1429.0
1851,2024-08-19,1399.0,1421.0,1394.0,1421.0,2480337311,1643383,70,1422.0,1421.0
1852,2024-08-20,1404.0,1404.0,1393.0,1421.0,658213918,436568,30,1421.0,1393.0
1853,2024-08-21,1393.0,1424.0,1393.0,1421.0,436012442,289116,33,1421.0,1401.0
1854,2024-08-24,1397.0,1433.0,1397.0,1421.0,1326422856,867632,49,1421.0,1433.0
1855,2024-08-26,1393.0,1426.0,1393.0,1419.0,2976224772,1970170,74,1421.0,1397.0
1856,2024-08-27,1428.0,1428.0,1391.0,1419.0,975487763,646196,50,1419.0,1393.0
1857,2024-08-28,1392.0,1424.0,1391.0,1418.0,2119231246,1403441,43,1419.0,1406.0
1858,2024-08-31,1393.0,1442.0,1393.0,1418.0,2481552514,1611205,89,1418.0,1438.0
1859,2024-09-01,1445.0,1445.0,1390.0,1418.0,1224968171,803811,93,1418.0,1432.0
1860,2024-09-03,1425.0,1443.0,1407.0,1419.0,2158823461,1395719,104,1418.0,1443.0
1861,2024-09-07,1448.0,1448.0,1380.0,1418.0,1172345136,778090,37,1419.0,1396.0
1862,2024-09-08,1441.0,1441.0,1384.0,1418.0,395780629,262051,23,1418.0,1429.0
1863,2024-09-09,1383.0,1449.0,1383.0,1418.0,2190529908,1438381,73,1418.0,1413.0
1864,2024-09-10,1392.0,1406.0,1380.0,1417.0,700288815,467481,47,1418.0,1385.0
1865,2024-09-11,1388.0,1408.0,1388.0,1417.0,492418429,325805,33,1417.0,1395.0
1866,2024-09-14,1390.0,1430.0,1376.0,1416.0,1852851769,1224425,52,1417.0,1397.0
1867,2024-09-15,1388.0,1418.0,1388.0,1415.0,6678423763,4381361,85,1416.0,1415.0
1868,2024-09-16,1415.0,1415.0,1392.0,1415.0,1233133143,813398,50,1415.0,1392.0
1869,2024-09-17,1415.0,1427.0,1400.0,1415.0,3369236860,2206792,52,1415.0,1425.0
1870,2024-09-18,1450.0,1450.0,1399.0,1415.0,963581168,628662,29,1415.0,1416.0
1871,2024-09-22,1388.0,1430.0,1388.0,1415.0,1479324384,970887,49,1415.0,1413.0
1872,2024-09-23,1388.0,1420.0,1384.0,1414.0,5958520282,3924003,115,1415.0,1414.0
1873,2024-09-24,1406.0,1450.0,1406.0,1415.0,2517805211,1635017,95,1414.0,1431.0
1874,2024-09-25,1420.0,1437.0,1409.0,1415.0,3439347973,2238563,65,1415.0,1413.0
1875,2024-09-28,1401.0,1414.0,1401.0,1414.0,2055671105,1355813,57,1415.0,1414.0
1876,2024-09-29,1401.0,1414.0,1400.0,1413.0,5730199753,3784233,88,1414.0,1406.0
1877,2024-09-30,1400.0,1401.0,1399.0,1413.0,892896391,590267,39,1413.0,1399.0
1878,2024-10-01,1399.0,1399.0,1399.0,1413.0,418904136,277053,23,1413.0,1399.0
1879,2024-10-02,1399.0,1415.0,1399.0,1412.0,5058807886,3342430,86,1413.0,1415.0
1880,2024-10-05,1415.0,1415.0,1398.0,1411.0,2879122321,1905368,37,1412.0,1398.0
1881,2024-10-06,1397.0,1397.0,1397.0,1411.0,37182240,24624,4,1411.0,1397.0
1882,2024-10-07,1397.0,1411.0,1397.0,1410.0,3918111020,2588555,55,1411.0,1411.0
1883,2024-10-08,1397.0,1410.0,1397.0,1410.0,1546387068,1020894,33,1410.0,1401.0
1884,2024-10-09,1397.0,1413.0,1396.0,1409.0,2085795865,1381701,42,1410.0,1397.0
1885,2024-10-12,1375.0,1410.0,1371.0,1408.0,2238931164,1488795,61,1409.0,1410.0
1886,2024-10-13,1394.0,1394.0,1374.0,1408.0,408654550,271953,6,1408.0,1378.0
1887,2024-10-14,1369.0,1387.0,1366.0,1407.0,1378564847,932681,43,1408.0,1366.0
1888,2024-10-15,1366.0,1404.0,1365.0,1405.0,2805371595,1896912,64,1407.0,1365.0
1889,2024-10-16,1364.0,1369.0,1363.0,1404.0,1339712020,908730,26,1405.0,1363.0
1890,2024-10-19,1363.0,1363.0,1363.0,1404.0,308037153,209120,7,1404.0,1363.0
1891,2024-10-20,1363.0,1363.0,1363.0,1404.0,306663870,208190,9,1404.0,1363.0
1892,2024-10-21,1363.0,1363.0,1363.0,1402.0,1896977681,1287697,25,1404.0,1363.0
1893,2024-10-22,1361.0,1379.0,1361.0,1401.0,775093469,526296,22,1402.0,1361.0
1894,2024-10-23,1360.0,1360.0,1360.0,1401.0,11392500,7750,2,1401.0,1360.0
1895,2024-10-26,1401.0,1425.0,1369.0,1400.0,9486630511,6275410,236,1401.0,1401.0
1896,2024-10-27,1400.0,1434.0,1379.0,1402.0,20957394243,13805190,200,1400.0,1401.0
1897,2024-10-28,1401.0,1415.0,1388.0,1401.0,7895773120,5221126,115,1402.0,1406.0
1898,2024-10-29,1375.0,1388.0,1375.0,1400.0,2989644496,2003328,54,1401.0,1386.0
1899,2024-10-30,1362.0,1413.0,1360.0,1400.0,5333587248,3541636,83,1400.0,1403.0
1900,2024-11-02,1390.0,1406.0,1359.0,1400.0,6611993432,4380161,88,1400.0,1400.0
1901,2024-11-03,1370.0,1388.0,1358.0,1398.0,2511469948,1701899,63,1400.0,1360.0
1902,2024-11-04,1356.0,1377.0,1356.0,1394.0,5130514859,3490481,79,1398.0,1357.0
1903,2024-11-05,1354.0,1368.0,1352.0,1391.0,3327086392,2273178,65,1394.0,1367.0
1904,2024-11-06,1350.0,1384.0,1350.0,1388.0,4514660976,3090759,74,1391.0,1350.0
1905,2024-11-09,1347.0,1421.0,1347.0,1388.0,6243498157,4166801,122,1388.0,1397.0
1906,2024-11-10,1401.0,1429.0,1393.0,1405.0,23518022414,15267226,263,1388.0,1429.0
1907,2024-11-11,1415.0,1447.0,1398.0,1408.0,8014878672,5209289,137,1405.0,1423.0
1908,2024-11-12,1414.0,1425.0,1396.0,1408.0,5354462961,3525009,282,1408.0,1397.0
1909,2024-11-13,1406.0,1450.0,1394.0,1442.0,47143920300,30185921,414,1408.0,1450.0
1910,2024-11-16,1485.0,1485.0,1485.0,1485.0,51375221820,32009484,351,1442.0,1485.0
1911,2024-11-17,1529.0,1529.0,1508.0,1528.0,72981253737,44166081,509,1485.0,1529.0
1912,2024-11-18,1573.0,1573.0,1563.0,1569.0,49266666386,28964071,464,1528.0,1573.0
1913,2024-11-19,1615.0,1615.0,1576.0,1613.0,57424868994,32936130,504,1569.0,1584.0
1914,2024-11-20,1584.0,1661.0,1565.0,1642.0,44009761226,24657176,499,1613.0,1661.0
1915,2024-11-23,1637.0,1691.0,1620.0,1671.0,49359613761,27248665,2898,1642.0,1691.0
1916,2024-11-24,1672.0,1721.0,1672.0,1715.0,56345916007,30338176,388,1671.0,1721.0
1917,2024-11-25,1766.0,1766.0,1759.0,1749.0,41539601747,21760557,364,1715.0,1766.0
1918,2024-11-26,1798.0,1798.0,1697.0,1737.0,22237354765,11978643,971,1749.0,1704.0
1919,2024-11-27,1697.0,1771.0,1695.0,1736.0,11589268820,6186972,393,1737.0,1712.0
1920,2024-11-30,1739.0,1739.0,1684.0,1713.0,30011140495,16417266,861,1736.0,1718.0
1921,2024-12-01,1665.0,1722.0,1662.0,1707.0,9016245506,4982062,158,1713.0,1662.0
1922,2024-12-02,1662.0,1758.0,1662.0,1750.0,55387516748,29207100,684,1707.0,1758.0
1923,2024-12-03,1757.0,1767.0,1711.0,1743.0,19004779136,10174671,416,1750.0,1739.0
1924,2024-12-04,1704.0,1757.0,1703.0,1743.0,38353414220,20358864,648,1743.0,1744.0
1925,2024-12-07,1748.0,1748.0,1691.0,1734.0,9686079425,5287328,141,1743.0,1691.0
1926,2024-12-08,1683.0,1710.0,1683.0,1710.0,28284998736,15536662,362,1734.0,1683.0
1927,2024-12-09,1683.0,1748.0,1683.0,1721.0,75160806745,40412857,768,1710.0,1737.0
1928,2024-12-10,1730.0,1731.0,1670.0,1701.0,49287381299,26857356,528,1721.0,1670.0
1929,2024-12-11,1724.0,1724.0,1650.0,1668.0,48312380370,26903358,717,1701.0,1693.0
1930,2024-12-14,1697.0,1718.0,1695.0,1713.0,54317489871,29254316,549,1668.0,1718.0
1931,2024-12-15,1764.0,1764.0,1721.0,1763.0,81236341543,42610520,653,1713.0,1764.0
1932,2024-12-23,1816.0,1816.0,1816.0,1816.0,71765585931,36559137,408,1763.0,1816.0
1933,2024-12-24,1869.0,1869.0,1762.0,1812.0,36439691291,18634991,629,1816.0,1822.0
1934,2024-12-25,1822.0,1857.0,1773.0,1810.0,24347477178,12467252,309,1812.0,1808.0
1935,2024-12-28,1810.0,1845.0,1779.0,1808.0,29067357088,14904389,361,1810.0,1813.0
1936,2024-12-29,1767.0,1808.0,1759.0,1800.0,13211059112,6886937,222,1808.0,1769.0
1937,2024-12-30,1758.0,1758.0,1746.0,1780.0,23049386643,12202982,270,1800.0,1746.0
1938,2024-12-31,1727.0,1779.0,1727.0,1765.0,18218070079,9741654,261,1780.0,1727.0
1939,2025-01-01,1716.0,1774.0,1716.0,1761.0,12630786152,6692076,341,1765.0,1751.0
1940,2025-01-04,1731.0,1814.0,1730.0,1793.0,39385628489,20116925,417,1761.0,1804.0
1941,2025-01-05,1793.0,1840.0,1739.0,1746.0,74155578521,39278933,674,1793.0,1774.0
1942,2025-01-06,1721.0,1798.0,1721.0,1785.0,53286366499,27505343,541,1746.0,1798.0
1943,2025-01-07,1776.0,1838.0,1776.0,1819.0,58292360239,29610390,578,1785.0,1838.0
1944,2025-01-08,1869.0,1869.0,1814.0,1822.0,25158637325,12735607,409,1819.0,1820.0
1945,2025-01-11,1835.0,1835.0,1768.0,1816.0,8576888547,4474370,159,1822.0,1768.0
1946,2025-01-12,1813.0,1813.0,1762.0,1790.0,31723036682,16621413,1321,1816.0,1762.0
1947,2025-01-13,1762.0,1807.0,1736.0,1784.0,18493804409,9655818,453,1790.0,1736.0
1948,2025-01-15,1790.0,1832.0,1732.0,1777.0,52376989678,27280464,895,1784.0,1732.0
1949,2025-01-18,1786.0,1802.0,1724.0,1770.0,8754220952,4688207,172,1777.0,1725.0
1950,2025-01-19,1718.0,1775.0,1717.0,1763.0,21276572112,11235892,319,1770.0,1765.0
1951,2025-01-20,1765.0,1767.0,1710.0,1749.0,16796635347,9068432,234,1763.0,1710.0
1952,2025-01-21,1721.0,1768.0,1697.0,1748.0,10583347341,5614033,205,1749.0,1764.0
1953,2025-01-22,1757.0,1787.0,1732.0,1753.0,11252836406,5861881,237,1748.0,1785.0
1954,2025-01-25,1762.0,1798.0,1744.0,1753.0,4777134371,2512887,142,1753.0,1754.0
1955,2025-01-26,1712.0,1787.0,1712.0,1753.0,13395099660,7066017,185,1753.0,1756.0
1956,2025-01-27,1753.0,1767.0,1701.0,1750.0,8096209628,4328920,174,1753.0,1736.0
1957,2025-01-29,1757.0,1778.0,1716.0,1749.0,6900614500,3665101,170,1750.0,1727.0
1958,2025-02-01,1702.0,1730.0,1697.0,1743.0,8138740212,4414480,598,1749.0,1697.0
1959,2025-02-02,1741.0,1774.0,1710.0,1741.0,12375662441,6606662,1037,1743.0,1758.0
1960,2025-02-03,1709.0,1766.0,1709.0,1740.0,3362079904,1795743,104,1741.0,1741.0
1961,2025-02-04,1764.0,1764.0,1742.0,1741.0,4472615127,2368406,130,1740.0,1749.0
1962,2025-02-05,1711.0,1758.0,1703.0,1740.0,3349334912,1788210,121,1741.0,1709.0
1963,2025-02-09,1689.0,1748.0,1689.0,1738.0,7840446807,4203955,257,1740.0,1731.0
1964,2025-02-11,1688.0,1730.0,1686.0,1729.0,11402645685,6243335,201,1738.0,1691.0
1965,2025-02-15,1677.0,1677.0,1677.0,1721.0,8931227795,4926215,78,1729.0,1677.0
1966,2025-02-16,1670.0,1717.0,1670.0,1701.0,21818645612,12087646,661,1721.0,1671.0
1967,2025-02-17,1665.0,1718.0,1650.0,1697.0,10109471055,5591589,645,1701.0,1650.0
1968,2025-02-18,1646.0,1706.0,1646.0,1692.0,6708513804,3751745,120,1697.0,1646.0
1969,2025-02-19,1674.0,1674.0,1642.0,1684.0,8603130030,4843453,123,1692.0,1642.0
1970,2025-02-22,1637.0,1647.0,1635.0,1681.0,4072655419,2302800,71,1684.0,1635.0
1971,2025-02-23,1635.0,1671.0,1631.0,1678.0,3165734606,1788835,140,1681.0,1646.0
1972,2025-02-24,1630.0,1674.0,1630.0,1677.0,3818924848,2130146,127,1678.0,1649.0
1973,2025-02-25,1656.0,1673.0,1627.0,1649.0,36105134701,20450242,390,1677.0,1627.0
1974,2025-02-26,1601.0,1618.0,1600.0,1644.0,6004127593,3468621,115,1649.0,1601.0
1975,2025-03-01,1595.0,1631.0,1595.0,1633.0,13206178633,7644843,201,1644.0,1630.0
1976,2025-03-02,1585.0,1638.0,1585.0,1614.0,30690243735,17752789,716,1633.0,1601.0
1977,2025-03-03,1566.0,1566.0,1566.0,1611.0,3051341304,1802328,60,1614.0,1566.0
1978,2025-03-04,1563.0,1655.0,1563.0,1606.0,9120631532,5344312,214,1611.0,1572.0
1979,2025-03-05,1573.0,1618.0,1573.0,1604.0,24925211968,14399975,1000,1606.0,1591.0
1980,2025-03-08,1582.0,1604.0,1556.0,1596.0,11213557449,6630550,178,1604.0,1556.0
1981,2025-03-09,1565.0,1600.0,1548.0,1590.0,6427254956,3830534,125,1596.0,1548.0
1982,2025-03-10,1543.0,1637.0,1543.0,1587.0,30073556199,17548854,305,1590.0,1637.0
1983,2025-03-11,1590.0,1633.0,1542.0,1604.0,42655434280,24520165,471,1587.0,1633.0
1984,2025-03-17,1652.0,1652.0,1558.0,1604.0,689840656,433364,25,1604.0,1651.0
1985,2025-03-18,1556.0,1604.0,1556.0,1600.0,4411722388,2827295,116,1604.0,1556.0
1986,2025-03-25,1638.0,1648.0,1638.0,1608.0,8791786127,5336784,102,1600.0,1648.0
1987,2025-03-26,1640.0,1640.0,1590.0,1608.0,1019091069,632701,69,1608.0,1622.0
1988,2025-03-29,1610.0,1630.0,1586.0,1608.0,4963500476,3095703,123,1608.0,1608.0
1989,2025-03-30,1629.0,1629.0,1597.0,1608.0,6106769349,3805600,131,1608.0,1602.0
1990,2025-04-05,1607.0,1613.0,1572.0,1607.0,5395948313,3382613,91,1608.0,1600.0
1991,2025-04-06,1653.0,1653.0,1570.0,1606.0,2100877669,1326381,67,1607.0,1570.0
1992,2025-04-07,1590.0,1591.0,1558.0,1601.0,5185156168,3323394,110,1606.0,1560.0
1993,2025-04-08,1571.0,1620.0,1571.0,1597.0,20744629985,13036353,341,1601.0,1611.0
1994,2025-04-09,1640.0,1640.0,1590.0,1597.0,3260788070,2035886,77,1597.0,1620.0
1995,2025-04-12,1607.0,1614.0,1581.0,1597.0,3124553205,1956654,61,1597.0,1590.0
1996,2025-04-13,1600.0,1644.0,1600.0,1606.0,10481392765,6389343,163,1597.0,1644.0
1997,2025-04-14,1654.0,1654.0,1610.0,1613.0,9675882789,5877158,158,1606.0,1634.0
1998,2025-04-15,1600.0,1660.0,1566.0,1610.0,21502644908,13382591,233,1613.0,1590.0
1999,2025-04-16,1640.0,1640.0,1601.0,1610.0,5760468916,3577852,90,1610.0,1601.0
2000,2025-04-19,1634.0,1658.0,1590.0,1619.0,11418313691,6918923,161,1610.0,1658.0
2001,2025-04-20,1666.0,1667.0,1666.0,1635.0,18119149929,10869321,160,1619.0,1667.0
2002,2025-04-21,1684.0,1684.0,1642.0,1655.0,22521383776,13376386,230,1635.0,1684.0
2003,2025-04-22,1704.0,1704.0,1640.0,1655.0,2490501290,1503803,80,1655.0,1640.0
2004,2025-04-23,1606.0,1694.0,1606.0,1652.0,6924978796,4234387,160,1655.0,1650.0
2005,2025-04-26,1695.0,1700.0,1637.0,1653.0,5523981291,3333246,96,1652.0,1659.0
2006,2025-04-27,1652.0,1679.0,1604.0,1653.0,6989749821,4219041,131,1653.0,1675.0
2007,2025-04-28,1675.0,1702.0,1640.0,1654.0,3569515831,2138796,78,1653.0,1650.0
2008,2025-04-29,1633.0,1703.0,1633.0,1693.0,44102782279,25904410,135,1654.0,1703.0
2009,2025-04-30,1743.0,1743.0,1743.0,1709.0,17825844015,10227105,127,1693.0,1743.0
2010,2025-05-03,1661.0,1700.0,1658.0,1704.0,6092813301,3650086,97,1709.0,1659.0
2011,2025-05-04,1658.0,1700.0,1658.0,1703.0,2994580954,1767617,75,1704.0,1696.0
2012,2025-05-05,1691.0,1739.0,1683.0,1703.0,2780833492,1641224,69,1703.0,1703.0
2013,2025-05-06,1703.0,1712.0,1655.0,1703.0,1714460493,1012340,75,1703.0,1695.0
2014,2025-05-07,1732.0,1754.0,1710.0,1716.0,15180564006,8663879,180,1703.0,1754.0
2015,2025-05-10,1680.0,1749.0,1679.0,1716.0,3278540758,1903933,96,1716.0,1716.0
2016,2025-05-11,1760.0,1764.0,1710.0,1717.0,2827572757,1620604,104,1716.0,1754.0
2017,2025-05-12,1767.0,1768.0,1717.0,1722.0,7208038821,4102575,121,1717.0,1762.0
2018,2025-05-13,1773.0,1773.0,1769.0,1727.0,5289354083,2983471,86,1722.0,1773.0
2019,2025-05-14,1778.0,1778.0,1759.0,1760.0,37302928670,20982105,311,1727.0,1776.0
2020,2025-05-17,1720.0,1812.0,1720.0,1810.0,136546575305,75455058,491,1760.0,1812.0
2021,2025-05-18,1864.0,1864.0,1864.0,1846.0,40093694952,21509493,93,1810.0,1864.0
2022,2025-05-19,1901.0,1901.0,1901.0,1877.0,33956416697,17862397,129,1846.0,1901.0
2023,2025-05-20,1933.0,1933.0,1823.0,1909.0,144470476292,75681314,796,1877.0,1853.0
2024,2025-05-21,1852.0,1898.0,1852.0,1889.0,26404864888,14174729,215,1909.0,1876.0
2025,2025-05-24,1880.0,1945.0,1870.0,1899.0,23584980437,12321742,299,1889.0,1915.0
2026,2025-05-25,1905.0,1955.0,1850.0,1906.0,25496972846,13305500,520,1899.0,1893.0
2027,2025-05-26,1944.0,1963.0,1906.0,1935.0,37828699141,19355087,445,1906.0,1963.0
2028,2025-05-27,1993.0,1993.0,1984.0,1985.0,54866227085,27530102,219,1935.0,1993.0
2029,2025-05-28,2044.0,2044.0,2003.0,2042.0,98671386303,48319728,493,1985.0,2044.0
2030,2025-05-31,2103.0,2103.0,2103.0,2086.0,48102604578,22873326,132,2042.0,2103.0
2031,2025-06-01,2148.0,2148.0,2024.0,2128.0,134258611666,63097876,874,2086.0,2148.0
2032,2025-06-02,2182.0,2191.0,2067.0,2134.0,68381761940,32044412,509,2128.0,2098.0
2033,2025-06-03,2133.0,2133.0,2070.0,2074.0,82044057267,39559551,416,2134.0,2070.0
2034,2025-06-07,2012.0,2080.0,2012.0,2064.0,13565796404,6702839,142,2074.0,2012.0
2035,2025-06-08,2003.0,2123.0,2003.0,2058.0,41903143786,20388596,331,2064.0,2027.0
2036,2025-06-09,2080.0,2098.0,1999.0,2058.0,23327561353,11335996,354,2058.0,2050.0
2037,2025-06-10,2050.0,2096.0,2045.0,2061.0,20379778454,9863191,378,2058.0,2065.0
2038,2025-06-11,2080.0,2115.0,2058.0,2067.0,23476837884,11295243,258,2061.0,2060.0
2039,2025-06-28,2005.0,2005.0,2005.0,2037.0,31325426270,15623654,45,2067.0,2005.0
2040,2025-06-29,1976.0,1976.0,1976.0,1984.0,54618104216,27640741,76,2037.0,1976.0
2041,2025-06-30,1925.0,1925.0,1925.0,1930.0,56249705050,29220626,74,1984.0,1925.0
2042,2025-07-01,1873.0,1873.0,1873.0,1873.0,184083056945,98282465,389,1930.0,1873.0
2043,2025-07-02,1817.0,1910.0,1817.0,1828.0,108668343898,59432726,2863,1873.0,1877.0
2044,2025-07-07,1882.0,1882.0,1788.0,1825.0,8635947736,4779098,441,1828.0,1804.0
2045,2025-07-08,1780.0,1876.0,1771.0,1816.0,11043417226,6201734,73,1825.0,1771.0
2046,2025-07-09,1763.0,1780.0,1762.0,1801.0,15516164232,8805936,68,1816.0,1780.0
2047,2025-07-12,1830.0,1850.0,1781.0,1801.0,15918245713,8844298,1700,1801.0,1804.0
2048,2025-07-13,1819.0,1846.0,1801.0,1804.0,14728023775,8130026,407,1801.0,1803.0
2049,2025-07-14,1822.0,1822.0,1750.0,1794.0,35327003638,19753246,957,1804.0,1804.0
2050,2025-07-15,1793.0,1845.0,1757.0,1786.0,33933050896,19051666,956,1794.0,1807.0
2051,2025-07-16,1751.0,1825.0,1751.0,1793.0,24515985136,13609627,284,1786.0,1801.0
2052,2025-07-19,1792.0,1794.0,1778.0,1792.0,6469896530,3624877,96,1793.0,1780.0
2053,2025-07-20,1788.0,1845.0,1751.0,1792.0,4961484154,2775614,84,1792.0,1796.0
2054,2025-07-21,1826.0,1827.0,1762.0,1791.0,2506306633,1410866,69,1792.0,1791.0
2055,2025-07-22,1810.0,1810.0,1757.0,1789.0,5475745359,3095658,71,1791.0,1760.0
2056,2025-07-23,1790.0,1794.0,1738.0,1780.0,19175607426,10879332,505,1789.0,1771.0
2057,2025-07-26,1761.0,1787.0,1727.0,1774.0,20904844048,11853219,259,1780.0,1750.0
2058,2025-07-27,1721.0,1730.0,1721.0,1756.0,19283519553,11201995,147,1774.0,1721.0
2059,2025-07-28,1706.0,1706.0,1704.0,1741.0,15803027478,9273948,58,1756.0,1704.0
2060,2025-07-29,1689.0,1689.0,1689.0,1738.0,3391008678,2007702,15,1741.0,1689.0
2061,2025-07-30,1686.0,1686.0,1686.0,1698.0,41298718368,24495088,92,1738.0,1686.0
